shape_id,shape_pt_lat,shape_pt_lon,shape_pt_sequence,shape_dist_traveled
20439,34.017426,-118.149615,0,0
20439,34.017313,-118.149623,1,12.582085713263684
20439,34.017047,-118.149709,2,43.20151255212053
20439,34.016882,-118.148925,3,118.04887930531336
20439,34.016664,-118.147911,4,214.9807122672995
20439,34.016518,-118.147241,5,279.08326977319825
20439,34.013961,-118.147532,6,564.5752844904275
20439,34.014053,-118.147534,7,574.803045687338
20439,34.01349,-118.144462,8,865.9580725433966
20439,34.012987,-118.141179,9,1174.9423577747834
20439,34.012266,-118.136395,10,1624.9615008434753
20439,34.011447,-118.131096,11,2123.840859818705
20439,34.011419,-118.130917,12,2140.6999309620714
20439,34.009101,-118.131361,13,2401.614447455679
20439,34.008563,-118.131397,14,2461.5085537386576
20439,34.008205,-118.13152,15,2502.8988821570797
20439,34.007424,-118.131545,16,2589.741662652118
20439,34.006895,-118.131534,17,2648.551391078399
20439,34.006223,-118.131496,18,2723.330227864438
20439,34.005471,-118.131454,19,2807.009038894538
20439,34.004934,-118.131427,20,2866.7514919937225
20439,34.004769,-118.131405,21,2885.2047690992185
20439,34.004698,-118.131346,22,2894.80242553085
20439,34.004373,-118.131346,23,2930.927746967269
20439,34.003862,-118.131362,24,2987.7471739940993
20439,34.003453,-118.131427,25,3033.605989322111
20439,34.002888,-118.131593,26,3098.2612841919067
20439,34.002661,-118.131679,27,3124.719661821276
20439,34.002243,-118.131883,28,3174.8738341707103
20439,34.001914,-118.132043,29,3214.3296116149613
20439,34.001376,-118.132355,30,3280.7409400003517
20439,34.001207,-118.132505,31,3304.101527770664
20439,34.000653,-118.13283,32,3372.638519367366
20439,34.000415,-118.132972,33,3402.179578857052
20439,34.000055,-118.133149,34,3445.420335595945
20439,33.999553,-118.133481,35,3509.125098647304
20439,33.999366,-118.133562,36,3531.2223081194866
20439,33.998948,-118.133787,37,3582.140600587973
20439,33.998592,-118.134039,38,3628.077006029118
20439,33.998147,-118.134275,39,3682.1513291640636
20439,33.9976,-118.134516,40,3746.9173499524036
20439,33.997236,-118.134629,41,3788.7081783275194
20439,33.996542,-118.134758,42,3866.7683427241263
20439,33.995955,-118.134779,43,3932.0449064678387
20439,33.995506,-118.134774,44,3981.955353363421
20439,33.994995,-118.134787,45,4038.7679701336556
20439,33.993949,-118.134785,46,4155.035544298313
20439,33.993019,-118.13479,47,4258.410094775386
20439,33.992148,-118.134769,48,4355.245017264845
20439,33.991538,-118.134769,49,4423.049139806578
20439,33.991382,-118.134785,50,4440.452373996604
20439,33.99124,-118.134801,51,4456.305649248694
20439,33.990987,-118.13486,52,4484.953329737971
20439,33.990698,-118.134951,53,4518.163476701864
20439,33.990355,-118.135085,54,4558.257298631427
20439,33.990053,-118.135246,55,4594.986870168406
20439,33.989679,-118.135466,56,4641.2807575664865
20439,33.989239,-118.135863,57,4702.461857845238
20439,33.98895,-118.136163,58,4744.929259674528
20439,33.988638,-118.136501,59,4791.642349605108
20439,33.988258,-118.136901,60,4847.818607106953
20439,33.987758,-118.137445,61,4922.824483143721
20439,33.987277,-118.137928,62,4992.527663956034
20439,33.986775,-118.138486,63,5068.573409507152
20439,33.986373,-118.138969,64,5131.7929295436
20439,33.985907,-118.13935,65,5194.462861367916
20439,33.985583,-118.139554,66,5235.129650898113
20439,33.985369,-118.13965,67,5260.523147947293
20439,33.985031,-118.13987,68,5303.260272127402
20439,33.984395,-118.140283,69,5383.6344183516385
20439,33.983785,-118.14068,70,5460.761884912618
20439,33.983078,-118.141131,71,5549.754189989289
20439,33.982527,-118.141458,72,5618.075723441384
20439,33.981895,-118.141866,73,5697.839149140627
20439,33.980934,-118.142461,74,5818.029340948575
20439,33.980316,-118.142842,75,5895.252185451324
20439,33.979689,-118.143255,76,5974.748610901826
20439,33.978932,-118.143749,77,6070.522164122166
20439,33.978363,-118.144124,78,6142.67414239164
20439,33.977696,-118.144548,79,6226.567976640276
20439,33.977032,-118.14497,80,6310.080551817569
20439,33.975841,-118.145712,81,6459.2332320752785
20439,33.975396,-118.145986,82,6514.824582608035
20439,33.975249,-118.146077,83,6533.209131389573
20439,33.975031,-118.14627,84,6563.3186911167095
20439,33.974693,-118.146495,85,6606.279319830767
20439,33.974262,-118.146712,86,6658.230094785891
20439,33.973879,-118.14697,87,6707.0477722801315
20439,33.973798,-118.14701,88,6716.783369867682
20439,33.973664,-118.146213,89,6792.077861251747
20439,33.973607,-118.145685,90,6841.382437540509
20439,33.973478,-118.144526,91,6949.6662013018085
20439,33.973406,-118.143944,92,7004.153870046887
20439,33.973243,-118.142445,93,7144.1480659930885
20439,33.973131,-118.141372,94,7244.291722963193
20439,33.97315807679853,-118.14088627116394,95,7289.374036176376
20439,33.973029,-118.140412,96,7335.578757400734
20439,33.972887,-118.139221,97,7446.99736182331
20439,33.972758,-118.137923,98,7568.053809826593
20439,33.972691,-118.137321,99,7624.298734213372
20439,33.972638,-118.136818,100,7671.251402288002
20439,33.97246,-118.13523,101,7819.637601420931
20439,33.97238,-118.134388,102,7898.11900074486
20439,33.972335,-118.134302,103,7907.523760182365
20439,33.972322,-118.134066,104,7929.427020590883
20439,33.972326,-118.133583,105,7974.1590266597905
20439,33.972415,-118.132797,106,8047.618310101107
20439,33.972558,-118.132156,107,8109.0714232993305
20439,33.972642,-118.131845,108,8139.348217748691
20439,33.972718,-118.1317,109,8155.212644537335
20439,33.972949,-118.131121,110,8214.663435441304
20439,33.973198,-118.130509,111,8277.736447558838
20439,33.973387,-118.130002,112,8329.174162834857
20439,33.973089,-118.12983,113,8365.929059303578
20439,33.972882,-118.129717,114,8391.206016152259
20439,33.972746,-118.129645,115,8407.728245766879
20439,33.972654,-118.129555,116,8420.920808929224
20439,33.972592,-118.129446,117,8433.143293508801
20439,33.972543,-118.129338,118,8444.531859779738
20439,33.972512,-118.12919,119,8458.664427642134
20439,33.972511,-118.129039,120,8472.648755440585
20439,33.972532,-118.128881,121,8487.46592198688
20439,33.972581,-118.128684,122,8506.505465566785
20439,33.972664,-118.128476,123,8527.863423097335
20439,33.972866,-118.1281,124,8569.295687937238
20439,33.973116,-118.127642,125,8620.002727984414
20439,33.97325,-118.12748,126,8641.143408045315
20439,33.973538,-118.127767,127,8682.751329263852
20439,33.973956,-118.128171,128,8742.404859673947
20439,33.974099,-118.128344,129,8764.973156430173
20439,33.973976,-118.12867,130,8798.114549750364
20439,33.973771,-118.129219,131,8853.828727029448
20439,33.973594,-118.129678,132,8900.667830186198
20439,33.973438,-118.130102,133,8943.591723856
20439,33.973238,-118.130622,134,8996.631372135555
20439,33.973432,-118.130738,135,9020.722987915473
20439,33.973754,-118.130917,136,9060.16708291878
20439,33.973999,-118.131035,137,9089.510586544717
20439,33.974519,-118.131156,138,9148.387073121623
20439,33.974889,-118.13118,139,9189.574252539469
20439,33.975133,-118.131169,140,9216.715077219218
20439,33.975336,-118.131129,141,9239.581469271852
20439,33.97574,-118.131069,142,9284.830335804041
20439,33.976145,-118.130957,143,9331.027260945897
20439,33.976541,-118.130769,144,9378.36232445932
20439,33.97693,-118.130518,145,9427.452908408752
20439,33.977273,-118.13032,146,9469.758749071161
20439,33.977355,-118.130279,147,9479.6325811579
20439,33.977489,-118.130564,148,9509.937421239534
20439,33.977749,-118.131154,149,9571.74579120432
20439,33.978054,-118.131825,150,9642.529011830313
20439,33.978395,-118.132611,151,9724.592210019458
20439,33.978628,-118.133162,152,9781.812427491881
20439,33.979052,-118.134099,153,9880.553245030233
20439,33.979777,-118.135728,154,10051.5759854514
20439,33.979849,-118.135859,155,10066.108730984151
20439,33.982302,-118.141516,156,10656.650666305906
20439,33.982453,-118.141431,157,10675.188637195391
20439,33.985157,-118.139724,158,11014.774782102748
20439,33.986133,-118.138952,159,11144.693562404616
20439,33.987277,-118.137746,160,11313.924154652197
20439,33.988032,-118.136893,161,11429.16592780512
20439,33.989023,-118.135849,162,11575.719101360308
20439,33.989672,-118.135315,163,11663.17558721679
20439,33.990759,-118.134764,164,11794.329195384442
20439,33.991437,-118.134635,165,11870.632396007792
20439,33.993887,-118.134613,166,12142.968110150096
20439,33.995051,-118.134605,167,12272.35389094563
20439,33.995577,-118.134615,168,12330.82841276817
20439,33.996528,-118.13459,169,12436.56155208836
20439,33.997138,-118.134511,170,12504.759056008917
20439,33.997613,-118.134323,171,12560.352277423166
20439,33.998312,-118.134055,172,12641.914693011247
20439,33.99903,-118.133599,173,12732.2013362411
20439,33.999562,-118.133288,174,12797.972430575914
20439,34.000195,-118.132869,175,12878.31754777246
20439,34.000362,-118.132805,176,12897.803023777835
20439,34.00074,-118.132591,177,12944.2560337125
20439,34.001238,-118.13229,178,13006.229233790176
20439,34.001327,-118.132301,179,13016.174276460197
20439,34.001968,-118.131936,180,13095.030975554504
20439,34.002519,-118.131641,181,13162.090167564736
20439,34.003119,-118.131416,182,13231.96008276906
20439,34.003689,-118.131303,183,13296.176114136286
20439,34.004325,-118.131244,184,13367.08126898447
20439,34.004725,-118.131255,185,13411.554866980989
20439,34.004872,-118.131207,186,13428.488048604933
20439,34.00541,-118.131239,187,13488.362687464563
20439,34.006023,-118.131276,188,13556.586650105972
20439,34.006873,-118.13133,189,13651.200430565297
20439,34.00746,-118.131341,190,13716.456282588351
20439,34.008104,-118.131325,191,13788.055342555386
20439,34.008394,-118.131341,192,13820.324266213423
20439,34.008511,-118.131313,193,13833.585160192031
20439,34.009118,-118.131269,194,13901.179005282269
20439,34.009977,-118.131094,195,13998.02551167605
20439,34.011524,-118.130777,196,14172.467937438143
20439,34.011592,-118.131155,197,14208.264893158366
20439,34.012112,-118.134704,198,14541.825136433672
20439,34.012319,-118.136149,199,14677.545635060127
20439,34.013019,-118.140891,200,15123.326338958732
20439,34.013182,-118.141953,201,15223.284084463165
20439,34.013467,-118.143888,202,15405.172866342802
20439,34.013992,-118.147488,203,15743.467265120482
20439,34.014086,-118.147811,204,15775.137773829178
20439,34.014287,-118.148918,205,15880.010533173021
20439,34.014493,-118.149899,206,15973.655342894752
20439,34.014724,-118.150975,207,16076.507074453608
20439,34.014923,-118.151937,208,16168.256300649338
20439,34.015146,-118.152968,209,16266.852192607226
20439,34.0157326605603,-118.15569402331352,210,16527.46110184731
20439,34.015765,-118.155854,211,16542.698427402105
20439,34.017703,-118.154735,212,16781.71724698478
20439,34.018614,-118.154198,213,16894.51757119515
20439,34.019537,-118.15371,214,17006.613638237195
20439,34.019634,-118.153687,215,17017.603570767176
20439,34.019372,-118.152494,216,17131.797502156765
20439,34.019145,-118.15143,217,17233.457412985237
20439,34.018976,-118.150516,218,17320.113847169454
20439,34.018753,-118.149471,219,17419.960515722763
20439,34.018697,-118.149201,220,17445.71423986455
20439,34.018354,-118.149322,221,17485.45057259429
20439,34.018029,-118.149408,222,17522.441845305046
20439,34.017678,-118.149526,223,17562.95640638775
20439,34.017426,-118.149615,224,17571.01084728276
19853,34.017426,-118.149615,0,0
19853,34.017097,-118.149713,1,37.67745964621794
19853,34.017733,-118.152722,2,325.0148876975319
19853,34.01808,-118.154338,3,479.4795067805786
19853,34.018112,-118.154524,4,497.05860374108136
19853,34.01689,-118.155228,5,647.7076182394951
19853,34.015515,-118.156058,6,818.7636429891579
19853,34.01547,-118.156109,7,825.6412683940993
19853,34.015438,-118.156106,8,829.2089595979614
19853,34.014339,-118.156745,9,964.9305112324902
19853,34.01369,-118.157136,10,1045.6376838557537
19853,34.013764,-118.157502,11,1080.4992089581283
19853,34.013792,-118.157537,12,1084.9915727354125
19853,34.01378,-118.157579,13,1089.1015811590332
19853,34.014016,-118.158667,14,1193.1679421989575
19853,34.01413,-118.159215,15,1245.449815215002
19853,34.013826,-118.159321,16,1280.6355693454364
19853,34.013449,-118.159407,17,1323.2891555028853
19853,34.012893,-118.159446,18,1385.1948685196137
19853,34.012379,-118.159411,19,1442.418642687637
19853,34.011944,-118.159324,20,1491.435677639003
19853,34.01174,-118.15926,21,1514.8717108590852
19853,34.011494,-118.159248,22,1542.2375928976578
19853,34.010932,-118.159024,23,1608.0560557915023
19853,34.010843,-118.158999,24,1618.2156200212405
19853,34.010775,-118.158977,25,1626.0434651780383
19853,34.010721,-118.159036,26,1634.158383058467
19853,34.010599,-118.159185,27,1653.5002597595278
19853,34.010482,-118.159307,28,1670.7238398529348
19853,34.010365,-118.159449,29,1689.2141572392304
19853,34.010287,-118.15965,30,1709.740450181475
19853,34.010254,-118.159906,31,1733.719158090382
19853,34.010261,-118.160145,32,1755.8557393090668
19853,34.010301,-118.160372,33,1777.3330911060355
19853,34.010376,-118.160586,34,1798.8245357066273
19853,34.010546,-118.160962,35,1838.4272746649788
19853,34.010878,-118.161643,36,1911.4705037511576
19853,34.010981,-118.161795,37,1929.609572256312
19853,34.011297,-118.162231,38,1983.1111685661172
19853,34.011734,-118.162842,39,2057.662629953381
19853,34.011908,-118.163133,40,2090.8225323473994
19853,34.012079,-118.163435,41,2124.6260243027223
19853,34.01228,-118.163844,42,2168.584596825999
19853,34.013192,-118.165857,43,2380.7005462724665
19853,34.014197,-118.168075,44,2614.4220080162104
19853,34.014378,-118.168501,45,2658.6881376483248
19853,34.014505,-118.168895,46,2697.7931296130323
19853,34.014596,-118.169245,47,2731.7310672800236
19853,34.014639,-118.169469,48,2753.0080017361847
19853,34.014657,-118.169605,49,2765.75399681334
19853,34.01466,-118.169819,50,2785.5643732066237
19853,34.014659,-118.170756,51,2872.2919297998396
19853,34.01465,-118.172146,52,3000.952242853907
19853,34.014642,-118.173144,53,3093.329881129228
19853,34.01464,-118.173732,54,3147.754678132128
19853,34.014641,-118.173898,55,3163.1197698485566
19853,34.015165,-118.173907,56,3221.3683964465595
19853,34.015587,-118.173919,57,3268.2869028037403
19853,34.0158,-118.173929,58,3291.979968270282
19853,34.015927,-118.173995,59,3307.361137052092
19853,34.016023,-118.174108,60,3322.3025859795416
19853,34.016223,-118.174416,61,3358.4529601674553
19853,34.016434,-118.174747,62,3397.0353851657987
19853,34.016491,-118.174767,63,3403.635832162765
19853,34.01648,-118.174824,64,3409.0513617991387
19853,34.016533,-118.17492,65,3419.7122074382173
19853,34.01671,-118.174702,66,3447.893223715424
19853,34.017203,-118.174134,67,3523.8306549771696
19853,34.017378,-118.173935,68,3550.6186114927177
19853,34.017449,-118.173882,69,3559.9106292018005
19853,34.017669,-118.17386,70,3584.448297768728
19853,34.018383,-118.173864,71,3663.8103854982305
19853,34.01874,-118.173871,72,3703.496288317486
19853,34.018763,-118.173867,73,3706.0794099753425
19853,34.018883,-118.173874,74,3719.433157450272
19853,34.018908,-118.173407,75,3762.744987587946
19853,34.018903,-118.17306,76,3794.8659554884384
19853,34.018921,-118.17244,77,3852.284186819059
19853,34.01892,-118.172368,78,3858.9489899271093
19853,34.019527,-118.172178,79,3928.671339220631
19853,34.01957,-118.172167,80,3933.5580350684468
19853,34.021346,-118.171634,81,4137.031585137623
19853,34.021378,-118.171618,82,4140.884345160862
19853,34.021415,-118.171615,83,4145.00627444408
19853,34.023108,-118.171094,84,4339.263655719684
19853,34.023167,-118.171078,85,4345.986642999342
19853,34.025518,-118.170365,86,4615.504394527886
19853,34.026153,-118.170175,87,4688.242438016785
19853,34.026174,-118.170145,88,4691.869645451331
19853,34.026209,-118.170155,89,4695.868484125559
19853,34.027262,-118.169834,90,4816.621422979953
19853,34.027654,-118.169715,91,4861.562745085776
19853,34.027677,-118.169706,92,4864.2514714247645
19853,34.027716,-118.169698,93,4868.649119355451
19853,34.028787,-118.169372,94,4991.455070010287
19853,34.028818,-118.169357,95,4995.169856285155
19853,34.028842,-118.169354,96,4997.851883807095
19853,34.029556,-118.169147,97,5079.4928335816185
19853,34.02973,-118.169107,98,5099.184144153235
19853,34.029946,-118.169092,99,5123.2328237239335
19853,34.030148,-118.169094,100,5145.68605867051
19853,34.030969,-118.169104,101,5236.9456046768555
19853,34.031338,-118.169108,102,5277.96194362581
19853,34.031399,-118.169096,103,5284.83248447709
19853,34.031429,-118.169112,104,5288.480961277439
19853,34.03235,-118.169126,105,5390.859110764404
19853,34.032473,-118.169136,106,5404.561951461296
19853,34.032831,-118.169131,107,5444.356655678406
19853,34.03317,-118.169144,108,5482.056003559338
19853,34.0334,-118.169139,109,5507.624893686626
19853,34.033403,-118.169463,110,5537.609166837471
19853,34.033387,-118.169511,111,5542.393797598171
19853,34.033374,-118.170028,112,5590.257919126308
19853,34.033369,-118.172023,113,5774.872466240416
19853,34.033393,-118.172893,114,5855.424758027049
19853,34.033463,-118.173824,115,5941.928181045786
19853,34.033544,-118.173785,116,5951.627765037746
19853,34.033599,-118.173726,117,5959.824147087571
19853,34.033642,-118.173738,118,5964.730917751782
19853,34.033777,-118.173683,119,5980.575876974054
19853,34.033964,-118.173627,120,6001.997253671195
19853,34.03421,-118.173568,121,6029.880002672722
19853,34.034505,-118.173563,122,6062.672634229358
19853,34.035059,-118.173574,123,6124.25836965587
19853,34.035246,-118.173577,124,6145.045349325727
19853,34.035444,-118.173563,125,6167.091227488173
19853,34.035637,-118.173553,126,6188.563205876036
19853,34.035752,-118.173548,127,6201.353874542136
19853,34.035783,-118.173551,128,6204.810702261171
19853,34.036301,-118.17355,129,6262.386693619777
19853,34.036908,-118.173565,130,6329.869277631169
19853,34.037156,-118.173554,131,6357.453370677461
19853,34.037201,-118.173557,132,6362.462837705499
19853,34.037829,-118.173568,133,6432.272731652415
19853,34.038557,-118.173563,134,6513.19157631175
19853,34.038888,-118.173571,135,6549.989821188922
19853,34.039664,-118.173587,136,6636.255278293735
19853,34.040422,-118.173584,137,6720.507785471611
19853,34.041489,-118.173581,138,6839.105664540923
19853,34.042224,-118.173585,139,6920.802107918442
19853,34.042284,-118.173594,140,6927.522928593482
19853,34.04439,-118.173604,141,7161.607706961555
19853,34.045289,-118.173577,142,7261.563245095943
19853,34.045619,-118.173609,143,7298.362221900524
19853,34.046057,-118.173778,144,7349.495659114261
19853,34.04639,-118.173982,145,7391.043604775406
19853,34.04669,-118.174253,146,7432.764079312143
19853,34.046972,-118.174607,147,7478.098898143578
19853,34.047197,-118.17495,148,7518.50402847471
19853,34.047426,-118.175226,149,7554.559221492572
19853,34.047692,-118.175484,150,7592.558707692741
19853,34.047935,-118.175669,151,7624.535132461422
19853,34.048223,-118.175819,152,7659.425369914188
19853,34.048506,-118.175916,153,7692.136127825618
19853,34.048861,-118.175988,154,7732.152843608729
19853,34.049204,-118.175996,155,7770.284579087999
19853,34.049546,-118.175937,156,7808.687914765007
19853,34.049848,-118.175841,157,7843.4105066093725
19853,34.050126,-118.175696,158,7877.096833833795
19853,34.050391,-118.175516,159,7910.9335926887725
19853,34.05062,-118.175302,160,7943.180781869094
19853,34.051144,-118.174703,161,8023.576429660213
19853,34.051498,-118.174274,162,8079.464992265862
19853,34.051919,-118.173795,163,8143.913643840924
19853,34.05221,-118.173526,164,8184.724933289286
19853,34.052544,-118.173304,165,8227.152019680536
19853,34.05303,-118.173089,166,8284.717046282723
19853,34.053914,-118.172695,167,8389.517716465993
19853,34.054511,-118.172441,168,8459.912661131055
19853,34.054793,-118.172409,169,8491.396673515177
19853,34.055189,-118.172436,170,8535.483197840365
19853,34.055395,-118.172457,171,8558.462530536348
19853,34.055678,-118.172444,172,8589.941181778848
19853,34.056031,-118.172387,173,8629.530179042906
19853,34.056389,-118.172307,174,8670.004583964872
19853,34.057011,-118.172176,175,8740.194561972152
19853,34.057729,-118.172141,176,8820.066511495372
19853,34.057835,-118.172139,177,8831.84995229752
19853,34.058031,-118.172192,178,8854.18044967649
19853,34.058533,-118.172401,179,8913.233122527405
19853,34.059286,-118.172728,180,9002.228769193278
19853,34.059331,-118.172722,181,9007.261258175999
19853,34.059362,-118.172763,182,9012.38558644325
19853,34.05952,-118.172827,183,9030.918564532085
19853,34.059629,-118.172648,184,9051.43661859171
19853,34.059889,-118.172272,185,9096.658905273673
19853,34.060209,-118.172017,186,9139.338880546982
19853,34.060522,-118.171722,187,9183.55547345063
19853,34.060704,-118.171473,188,9214.212021677235
19853,34.060822,-118.171108,189,9250.435425703114
19853,34.060865,-118.170929,190,9267.670362802475
19853,34.061345,-118.171077,191,9322.75153258199
19853,34.062403,-118.171438,192,9444.999055078903
19853,34.062536,-118.171478,193,9460.238191872671
19853,34.062667,-118.171502,194,9474.967253593297
19853,34.06289,-118.171564,195,9500.408818454003
19853,34.063144,-118.171637,196,9529.437547327181
19853,34.063207,-118.171291,197,9562.201549233572
19853,34.06332,-118.170666,198,9621.36609462509
19853,34.063373,-118.170285,199,9657.099641536763
19853,34.063384,-118.170145,200,9670.108001512463
19853,34.063393,-118.169971,201,9686.23501925811
19853,34.063324,-118.169338,202,9745.291181963647
19853,34.063292,-118.168734,203,9801.27772878833
19853,34.063267,-118.168195,204,9851.215724560998
19853,34.063194,-118.168165,205,9859.791234850196
19853,34.063116,-118.168141,206,9868.740790710704
19853,34.063065,-118.168187,207,9875.828932491477
19853,34.063056,-118.168305,208,9886.790389813252
19853,34.063065,-118.168482,209,9903.194489731517
19853,34.063141,-118.169155,210,9966.021497648859
19853,34.063165,-118.169252,211,9975.3827053913
19853,34.063212,-118.169302,212,9982.360141316962
19853,34.063347,-118.169316,213,9997.421339140565
19853,34.063423,-118.169898,214,10051.918279715828
19853,34.063416,-118.170086,215,10069.326709600866
19853,34.063399,-118.170316,216,10090.68671543725
19853,34.063352,-118.170617,217,10119.016704288391
19853,34.06329,-118.170976,218,10152.9336741844
19853,34.063159,-118.171682,219,10219.846112939564
19853,34.062658,-118.171543,220,10276.997987298944
19853,34.062578,-118.171529,221,10285.983880377538
19853,34.062464,-118.1715,222,10298.935958665154
19853,34.062291,-118.171462,223,10318.483742661152
19853,34.061304,-118.171127,224,10432.482787953311
19853,34.060949,-118.171014,225,10473.30257079002
19853,34.060844,-118.171349,226,10506.417567506915
19853,34.060707,-118.171647,227,10537.911168058477
19853,34.060509,-118.171873,228,10568.26648378016
19853,34.060287,-118.172074,229,10599.163498277498
19853,34.060045,-118.172291,230,10632.727049706467
19853,34.059838,-118.172543,231,10665.481299442012
19853,34.059718,-118.172744,232,10688.364804787594
19853,34.05962,-118.172927,233,10708.495642180806
19853,34.059286,-118.172804,234,10747.324653678885
19853,34.059237,-118.172781,235,10753.171905594458
19853,34.058575,-118.172504,236,10831.088151909891
19853,34.058008,-118.172252,237,10898.284286893106
19853,34.057908,-118.172241,238,10909.445855273514
19853,34.057866,-118.172217,239,10914.615280267408
19853,34.057664,-118.172206,240,10937.090795893102
19853,34.05705,-118.172233,241,11005.383092455086
19853,34.056637,-118.172311,242,11051.85206304626
19853,34.055986,-118.172466,243,11125.618384151858
19853,34.055678,-118.172502,244,11160.014442498414
19853,34.055238,-118.172507,245,11208.922965731128
19853,34.054775,-118.172475,246,11260.470849107869
19853,34.054531,-118.172497,247,11287.667898577723
19853,34.053969,-118.172738,248,11353.99443858848
19853,34.05368,-118.172875,249,11388.5271095602
19853,34.053627,-118.172898,250,11394.790618149156
19853,34.052791,-118.173253,251,11493.346053648696
19853,34.052386,-118.173478,252,11542.942023969888
19853,34.051933,-118.173859,253,11604.40540852788
19853,34.051433,-118.174454,254,11682.628874072423
19853,34.050973,-118.174991,255,11753.92077425788
19853,34.050462,-118.175537,256,11829.932563077362
19853,34.050097,-118.1758,257,11877.239954399418
19853,34.0498,-118.175929,258,11912.34285719505
19853,34.049498,-118.176015,259,11946.840381153017
19853,34.04908,-118.176063,260,11993.51296728652
19853,34.048711,-118.176031,261,12034.634143598501
19853,34.048333,-118.175934,262,12077.596765724838
19853,34.047901,-118.175741,263,12128.826509223796
19853,34.047439,-118.175344,264,12191.96255479525
19853,34.047345,-118.175236,265,12206.419807226142
19853,34.047168,-118.175033,266,12233.619411090429
19853,34.046896,-118.17463,267,12281.622848748575
19853,34.046648,-118.174319,268,12321.470451521489
19853,34.046385,-118.174078,269,12358.23663222793
19853,34.04615,-118.173911,270,12388.584972700011
19853,34.045916,-118.173794,271,12416.757068405712
19853,34.045596,-118.173671,272,12454.101548116174
19853,34.045236,-118.173633,273,12494.269905503255
19853,34.044556,-118.17366,274,12569.893527503757
19853,34.04432,-118.173663,275,12596.12651509611
19853,34.043368,-118.173671,276,12701.944376908279
19853,34.042132,-118.173652,277,12839.337623755186
19853,34.040699,-118.173654,278,12998.616354710859
19853,34.038558,-118.173624,279,13236.605659650422
19853,34.037105,-118.173619,280,13398.107899710292
19853,34.035616,-118.173619,281,13563.61086750325
19853,34.034863,-118.17363,282,13647.313309105439
19853,34.034525,-118.17362,283,13684.893537248492
19853,34.03425,-118.173625,284,13715.463396552945
19853,34.034059,-118.173652,285,13736.839637769615
19853,34.033752,-118.173749,286,13772.123646260356
19853,34.03349,-118.173856,287,13802.882318982181
19853,34.033258,-118.173942,288,13829.869300214163
19853,34.033241,-118.17354,289,13867.117566184701
19853,34.033205,-118.172713,290,13943.751167139615
19853,34.033187,-118.171141,291,14089.235144365832
19853,34.033205,-118.170603,292,14139.060991793549
19853,34.033208,-118.169458,293,14245.01806957506
19853,34.03319,-118.169397,294,14251.006992959807
19853,34.033202,-118.169368,295,14254.00380036528
19853,34.033197,-118.169172,296,14272.14986928994
19853,34.032821,-118.169163,297,14313.950897155915
19853,34.032452,-118.169165,298,14354.965987280446
19853,34.032344,-118.169152,299,14367.030410936208
19853,34.031971,-118.16915,300,14408.49009855464
19853,34.031314,-118.169144,301,14481.518327318188
19853,34.031262,-118.169141,302,14487.304835716897
19853,34.030786,-118.169128,303,14540.22632011708
19853,34.030056,-118.169123,304,14621.36776187498
19853,34.029925,-118.169115,305,14635.94733193674
19853,34.029722,-118.169134,306,14658.5793590894
19853,34.029565,-118.169173,307,14676.399356362172
19853,34.028765,-118.169413,308,14768.05185637201
19853,34.028126,-118.169606,309,14841.288553346001
19853,34.027729,-118.169733,310,14886.953802705377
19853,34.026296,-118.170166,311,15051.196203862497
19853,34.024898,-118.17058,312,15211.238735036704
19853,34.023424,-118.171033,313,15380.353718096063
19853,34.023076,-118.171147,314,15420.447209427308
19853,34.022711,-118.17125,315,15462.122034035878
19853,34.021683,-118.171567,316,15580.091153080912
19853,34.021629,-118.171595,317,15586.628813233083
19853,34.021563,-118.171605,318,15594.022895546359
19853,34.021227,-118.171704,319,15632.476996416939
19853,34.019307,-118.172286,320,15852.578798129933
19853,34.018948,-118.172388,321,15893.583312165205
19853,34.018948,-118.173174,322,15966.330575981136
19853,34.018932,-118.173782,323,16022.63132882782
19853,34.018932,-118.173919,324,16035.311184050212
19853,34.018629,-118.173943,325,16069.06286111213
19853,34.018552,-118.173925,326,16077.782062405167
19853,34.017939,-118.173927,327,16145.91736763074
19853,34.017634,-118.173916,328,16179.833452127183
19853,34.017468,-118.173943,329,16198.452841135871
19853,34.017379,-118.173967,330,16208.591537354525
19853,34.017187,-118.174195,331,16238.60407743798
19853,34.016823,-118.174619,332,16294.96864055004
19853,34.016536,-118.174962,333,16339.973849842021
19853,34.016593,-118.175088,334,16353.245746150462
19853,34.01658,-118.175196,335,16363.345702870285
19853,34.01658,-118.175893,336,16427.857300336604
19853,34.016454,-118.175898,337,16441.869835170655
19853,34.014797,-118.175905,338,16626.04638556259
19853,34.01462,-118.17589,339,16645.768847090352
19853,34.014617,-118.174109,340,16810.615488743846
19853,34.014607,-118.173705,341,16848.02559563004
19853,34.014615,-118.173635,342,16854.56541794707
19853,34.014617,-118.172772,343,16934.443674600327
19853,34.014623,-118.171919,344,17013.398918977528
19853,34.014623,-118.170908,345,17106.97568008382
19853,34.01463,-118.16988,346,17202.12921330922
19853,34.014623,-118.16962,347,17226.207067561838
19853,34.014608,-118.169448,348,17242.214246488886
19853,34.014554,-118.169185,349,17267.28626870961
19853,34.014477,-118.168915,350,17293.702090756266
19853,34.014359,-118.168536,351,17331.153698189373
19853,34.014183,-118.168121,352,17374.260339634995
19853,34.014034,-118.16778,353,17409.90430106448
19853,34.013465,-118.166525,354,17542.168047026906
19853,34.012992,-118.165452,355,17654.542647887396
19853,34.012351,-118.164065,356,17801.37029451306
19853,34.012049,-118.16344,357,17868.25493074708
19853,34.011855,-118.163083,358,17907.712920852155
19853,34.011402,-118.162413,359,17987.5965182854
19853,34.011181,-118.162132,360,18023.3728369302
19853,34.010975,-118.16185,361,18058.09518390618
19853,34.011106,-118.161756,362,18075.05763717397
19853,34.011208,-118.161608,363,18092.83994616228
19853,34.011168,-118.161388,364,18113.683575561005
19853,34.011113,-118.161184,365,18133.5314412313
19853,34.011071,-118.161034,366,18148.179765264635
19853,34.010835,-118.16072,367,18187.33175538072
19853,34.010539,-118.160396,368,18231.85040547958
19853,34.009854,-118.159741,369,18329.180233052037
19853,34.009156,-118.159159,370,18423.6342530736
19853,34.008242,-118.158253,371,18555.3704562129
19853,34.008085,-118.15814,372,18575.71608422537
19853,34.007829,-118.157891,373,18612.33501808915
19853,34.007451,-118.1574,374,18674.23055135347
19853,34.007246,-118.157212,375,18702.902217417864
19853,34.007117,-118.157212,376,18717.240816315098
19853,34.007031,-118.157293,377,18729.38972887785
19853,34.007046,-118.157454,378,18744.386181228485
19853,34.007164,-118.157622,379,18764.730095847626
19853,34.007564,-118.158132,380,18829.579939284635
19853,34.007934,-118.15859,381,18888.645742830857
19853,34.008194,-118.158654,382,18918.146185521855
19853,34.008414,-118.158724,383,18943.443506025866
19853,34.008648,-118.158716,384,18969.463561143646
19853,34.008792,-118.158633,385,18987.217882244684
19853,34.009268,-118.158298,386,19048.543885198767
19853,34.00955,-118.158215,387,19080.816554493995
19853,34.009784,-118.158258,388,19107.128881370223
19853,34.009959,-118.158327,389,19127.602211543966
19853,34.010175,-118.158421,390,19153.139072606977
19853,34.010722,-118.158695,391,19219.017056034365
19853,34.010793,-118.158719,392,19227.215554915627
19853,34.010893,-118.158676,393,19239.021892987603
19853,34.011018,-118.158641,394,19253.28858313907
19853,34.011093,-118.158601,395,19262.41021667611
19853,34.011456,-118.158397,396,19306.958350059158
19853,34.011556,-118.158392,397,19318.08316587565
19853,34.011674,-118.158308,398,19333.33054761251
19853,34.012145,-118.158019,399,19392.121579114588
19853,34.013061,-118.157468,400,19505.99652936139
19853,34.013697,-118.157092,401,19584.79186928682
19853,34.014938,-118.156362,402,19738.391805903648
19853,34.015888,-118.155802,403,19856.022088995047
19853,34.016553,-118.155409,404,19938.404007516267
19853,34.017285,-118.154966,405,20029.515268658673
19853,34.018747,-118.154124,406,20209.74090197471
19853,34.019222,-118.153836,407,20268.885703117885
19853,34.019302,-118.153826,408,20277.82593800329
19853,34.019438,-118.153746,409,20294.658671424368
19853,34.019485,-118.153726,410,20300.201096937006
19853,34.019622,-118.153684,411,20315.91732209565
19853,34.019447,-118.152806,412,20399.476201431266
19853,34.019281,-118.152,413,20476.32371327459
19853,34.018983,-118.150605,414,20609.619863839715
19853,34.018706,-118.149389,415,20726.303478153673
19853,34.018657,-118.149228,416,20742.169189324606
19853,34.018479,-118.149284,417,20762.622070625603
19853,34.018337,-118.149303,418,20778.503455881844
19853,34.018012,-118.149405,419,20815.841414281236
19853,34.017761,-118.149486,420,20844.73055880398
19797,34.003873,-118.159116,0,0
19797,34.004133,-118.1591,1,28.937366794751853
19797,34.004067,-118.158564,2,79.09495068792563
19797,34.003991,-118.15785,3,145.72857952351382
19797,34.003922,-118.15709,4,216.49976375318806
19797,34.00391,-118.157047,5,220.69787113770585
19797,34.003923,-118.156991,6,226.07950053194276
19797,34.003877,-118.156578,7,264.6519859702557
19797,34.003833,-118.156417,8,280.33795539719677
19797,34.003508,-118.155451,9,376.783414153119
19797,34.00311,-118.154335,10,489.16755901056206
19797,34.003032,-118.1541,11,512.5861414878026
19797,34.001137,-118.155006,12,739.3038413498854
19797,34.001095,-118.155041,13,744.986467129096
19797,34.001045,-118.15506,14,750.8157713820667
19797,34.000056,-118.155557,15,869.9853698905489
19797,33.999074,-118.156024,16,987.3868645055252
19797,33.998362,-118.156431,17,1075.038877836285
19797,33.998164,-118.156694,18,1107.8592879824025
19797,33.997935,-118.15781,19,1214.2656388580115
19797,33.997692,-118.159065,20,1333.5494428739744
19797,33.99767,-118.159368,21,1361.7070319201832
19797,33.997651,-118.159544,22,1378.1370949003442
19797,33.997361,-118.159612,23,1410.9800344465057
19797,33.99656,-118.160009,24,1507.3003722716257
19797,33.995786,-118.16036,25,1599.2641215058716
19797,33.995631,-118.160414,26,1617.2032859980131
19797,33.995591,-118.160422,27,1621.7106108763915
19797,33.994795,-118.16069,28,1713.6002934923495
19797,33.993832,-118.160867,29,1821.886175780747
19797,33.993022,-118.160995,30,1912.6953391278516
19797,33.992215,-118.161143,31,2003.4350040016316
19797,33.991626,-118.16125,32,2069.6483975247884
19797,33.99036,-118.161459,33,2211.690128591171
19797,33.988854,-118.161661,34,2380.1254423604832
19797,33.988038,-118.161818,35,2471.98229897814
19797,33.985992,-118.162151,36,2701.4781271878483
19797,33.985417,-118.162232,37,2765.8285586016927
19797,33.983515,-118.162543,38,2979.1900763556014
19797,33.981237,-118.162897,39,3234.504963582899
19797,33.980948,-118.162945,40,3266.9336253064057
19797,33.980632,-118.162972,41,3302.1461986351005
19797,33.979927,-118.163106,42,3381.4838999530402
19797,33.979438,-118.163164,43,3436.1014048312895
19797,33.977444,-118.163486,44,3659.732960728396
19797,33.975581,-118.163786,45,3868.6621254477104
19797,33.975208,-118.16384,46,3910.42185273497
19797,33.973603,-118.164064,47,4090.020767924465
19797,33.971771,-118.164291,48,4294.731107029422
19797,33.970276,-118.164539,49,4462.4809928840805
19797,33.967776,-118.164858,50,4741.923560504865
19797,33.967702,-118.164353,51,4789.4095632840745
19797,33.967554,-118.16279,52,4935.091652413506
19797,33.967518,-118.162259,53,4984.430501971173
19797,33.96728,-118.160081,54,5187.86470121143
19797,33.967062,-118.158013,55,5380.912038331049
19797,33.966973,-118.157144,56,5461.99740577034
19797,33.9668,-118.155717,57,5595.546434364451
19797,33.966739,-118.155033,58,5659.255062335067
19797,33.966653,-118.154446,59,5714.4525702012215
19797,33.966541,-118.153987,60,5758.747125512066
19797,33.966415,-118.153598,61,5797.399970120144
19797,33.966237,-118.15318,62,5840.875058344114
19797,33.966061,-118.152804,63,5880.816407182293
19797,33.965718,-118.152225,64,5946.611359717054
19797,33.965403,-118.151734,65,6004.0024396079025
19797,33.965294,-118.151546,66,6025.214378969895
19797,33.965568,-118.151371,67,6059.71409207158
19797,33.965424,-118.151457,68,6077.592209829113
19797,33.966544,-118.15083,69,6214.959715498617
19797,33.967962,-118.15008,70,6387.199974129026
19797,33.968899,-118.149591,71,6500.769585534177
19797,33.969891,-118.149034,72,6622.502290425005
19797,33.970925,-118.148473,73,6748.631041436599
19797,33.972021,-118.147874,74,6882.489331528667
19797,33.972761,-118.14744,75,6974.036546476176
19797,33.973147,-118.147229,76,7021.181444447805
19797,33.973585,-118.14696,77,7075.86941552323
19797,33.97377,-118.146864,78,7098.2721336028335
19797,33.973664,-118.146213,79,7159.698900354674
19797,33.973406,-118.143944,80,7371.7695744282855
19797,33.973277,-118.142685,81,7489.2392661883405
19797,33.973067,-118.140753,82,7669.671460647154
19797,33.972879,-118.139014,83,7832.065139415718
19797,33.972683,-118.137218,84,7999.808755457727
19797,33.972485,-118.13535,85,8174.194419056699
19797,33.972377,-118.134393,86,8263.629666987683
19797,33.97233,-118.133704,87,8327.650243056738
19797,33.972406,-118.132859,88,8406.358893696315
19797,33.972581,-118.132059,89,8482.9565521632
19797,33.972713,-118.131743,90,8515.692921815313
19797,33.973094,-118.130722,91,8619.296565178885
19797,33.973395,-118.13001,92,8693.236019964095
19797,33.972886,-118.129742,93,8755.018009976417
19797,33.972672,-118.129592,94,8782.564192240006
19797,33.972552,-118.129372,95,8806.916002417756
19797,33.972497,-118.129109,96,8832.027580142289
19797,33.972559,-118.128723,97,8868.432717924185
19797,33.97269,-118.128428,98,8899.390517852631
19797,33.972926,-118.128004,99,8946.61294698629
19797,33.973116,-118.127642,100,8986.234875391336
19797,33.973264,-118.127473,101,9008.941231561841
19797,33.973956,-118.128171,102,9109.414555198398
19797,33.974107,-118.128352,103,9133.135331876058
19797,33.973504,-118.129902,104,9291.554232694094
19797,33.973256,-118.130526,105,9355.579597853579
19797,33.972788,-118.131681,106,9474.52066140876
19797,33.972742,-118.13192,107,9497.236892871528
19797,33.972581,-118.13259,108,9561.81352190487
19797,33.972484,-118.13332,109,9630.271850330808
19797,33.972455,-118.133991,110,9692.495458103353
19797,33.972435,-118.134353,111,9726.09322234381
19797,33.972436,-118.134555,112,9744.800387329275
19797,33.972621,-118.136044,113,9884.21841461163
19797,33.972759,-118.137368,114,10007.786649376068
19797,33.972946,-118.139171,115,10176.04637438318
19797,33.97315,-118.140984,116,10345.466963109588
19797,33.973454,-118.143809,117,10609.253242146551
19797,33.973726,-118.146201,118,10832.820121514707
19797,33.973859,-118.147057,119,10913.457103368857
19797,33.973515,-118.147247,120,10955.547689581066
19797,33.972148,-118.14799,121,11122.346424936846
19797,33.970864,-118.148672,122,11278.416762971168
19797,33.970373,-118.14899,123,11340.431287214878
19797,33.96877,-118.149847,124,11535.485619576437
19797,33.967366,-118.150604,125,11706.567457163896
19797,33.965768,-118.151477,126,11901.72423746839
19797,33.965477,-118.151641,127,11937.458138228738
19797,33.965708,-118.151995,128,11979.101153868634
19797,33.96618,-118.15274,129,12065.77892021177
19797,33.966465,-118.153352,130,12130.709967028712
19797,33.966709,-118.154028,131,12198.938122172076
19797,33.966865,-118.154715,132,12264.883295376998
19797,33.967025,-118.156265,133,12409.529476387726
19797,33.967215,-118.157827,134,12555.722456359885
19797,33.967604,-118.161828,135,12928.773907570068
19797,33.967896,-118.164313,136,13161.188333101056
19797,33.967911,-118.164623,137,13189.94586418015
19797,33.968364,-118.164561,138,13240.623431711598
19797,33.968933,-118.164491,139,13304.199525786495
19797,33.96992,-118.164355,140,13414.625846011255
19797,33.971371,-118.164134,141,13577.19890714534
19797,33.972637,-118.163968,142,13718.752947038533
19797,33.973496,-118.163866,143,13814.697554003578
19797,33.974128,-118.163769,144,13885.516831223322
19797,33.974944,-118.163646,145,13976.928299391988
19797,33.975073,-118.163654,146,13991.285881223752
19797,33.975707,-118.163563,147,14062.257563145986
19797,33.977292,-118.163325,148,14239.80485540351
19797,33.978459,-118.163156,149,14370.45856291492
19797,33.979094,-118.163052,150,14441.693363837767
19797,33.979473,-118.162965,151,14484.582954871235
19797,33.980083,-118.162883,152,14552.808878583366
19797,33.980896,-118.162748,153,14644.035150174353
19797,33.981271,-118.162702,154,14685.93384426541
19797,33.983706,-118.162335,155,14958.711629069074
19797,33.984768,-118.16216,156,15077.861042349416
19797,33.985175,-118.162061,157,15124.018909293969
19797,33.985918,-118.16194,158,15207.360675795757
19797,33.986176,-118.161863,159,15236.910628292504
19797,33.986436,-118.161843,160,15265.869199617215
19797,33.987464,-118.16172,161,15380.698749932744
19797,33.988975,-118.16142,162,15550.92966442547
19797,33.989115,-118.161441,163,15566.611838186867
19797,33.989818,-118.161336,164,15645.353599549238
19797,33.99093,-118.161168,165,15769.928698704687
19797,33.991813,-118.161018,166,15869.052990288481
19797,33.992292,-118.160954,167,15922.623187360701
19797,33.992985,-118.16089,168,15999.878633261824
19797,33.993094,-118.160911,169,16012.14914089623
19797,33.993287,-118.160876,170,16033.844706328604
19797,33.994415,-118.160704,171,16160.230655923458
19797,33.994774,-118.160635,172,16200.642107411804
19797,33.995361,-118.160436,173,16268.439262353619
19797,33.995612,-118.160346,174,16297.555942954921
19797,33.995703,-118.160255,175,16310.71976641216
19797,33.996139,-118.160024,176,16363.690797406416
19797,33.997053,-118.159561,177,16473.955825793448
19797,33.997297,-118.159456,178,16502.766255710798
19797,33.997424,-118.15933,179,16521.07850244963
19797,33.997522,-118.159223,180,16535.801988804316
19797,33.997664,-118.159078,181,16556.522020725046
19797,33.997673,-118.159008,182,16563.079255943612
19797,33.997939,-118.157685,183,16689.078259444534
19797,33.998128,-118.156701,184,16782.565955875925
19797,33.99823,-118.156554,185,16800.278732514784
19797,33.998335,-118.156401,186,16818.63197699337
19797,33.998706,-118.1562,187,16863.87334855793
19797,33.999303,-118.155875,188,16936.733547779386
19797,33.999879,-118.155598,189,17005.701761220538
19797,34.000091,-118.156208,190,17066.89236288086
19797,34.000099,-118.156263,191,17072.0611002899
19797,34.001222,-118.159564,192,17402.161709381795
19797,34.00377,-118.159138,193,17688.108521094036
19797,34.003873,-118.159116,194,17688.86424929255
20764,34.017426,-118.149615,0,0
20764,34.017097,-118.149719,1,37.81499825117797
20764,34.01776,-118.152827,2,334.7729853600272
20764,34.018135,-118.154541,3,498.79958028957367
20764,34.016869,-118.155251,4,654.1067403149518
20764,34.01547,-118.156109,5,828.7137658377309
20764,34.014324,-118.156772,6,970.1056509302562
20764,34.013707,-118.157138,7,1046.5974244558597
20764,34.013792,-118.157537,8,1084.718557462295
20764,34.014142,-118.159233,9,1246.4498952503322
20764,34.013449,-118.159426,10,1325.5224536819792
20764,34.012739,-118.159464,11,1404.5185370685917
20764,34.012321,-118.159421,12,1451.15013495597
20764,34.01179,-118.1593,13,1511.224987464131
20764,34.011669,-118.159307,14,1524.6899473041028
20764,34.010848,-118.159017,15,1619.8117165651588
20764,34.009558,-118.15852,16,1770.3969569941291
20764,34.009393,-118.158466,17,1789.40597416341
20764,34.009244,-118.158493,18,1806.1551117366535
20764,34.008758,-118.158789,19,1866.7263031833702
20764,34.008642,-118.158837,20,1880.3640045684629
20764,34.008155,-118.158824,21,1934.5082860095067
20764,34.007824,-118.158746,22,1972.0013056117896
20764,34.006615,-118.158913,23,2107.2700072169714
20764,34.005505,-118.159102,24,2231.8827062031537
20764,34.004589,-118.159247,25,2334.578619473243
20764,34.004573,-118.159148,26,2343.914083010746
20764,34.00414,-118.159231,27,2392.652197174794
20764,34.004081,-118.158613,28,2450.235879827655
20764,34.00391,-118.157047,29,2596.443538310999
20764,34.003885,-118.156691,30,2629.5160030619554
20764,34.003852,-118.156522,31,2645.5848730235693
20764,34.00345,-118.155336,32,2764.1197678176463
20764,34.00311,-118.154335,33,2864.1949360932877
20764,34.003022,-118.154119,34,2886.4548782932457
20764,34.001798,-118.154691,35,3032.44666032805
20764,34.001047,-118.155058,36,3122.571066138743
20764,34.000056,-118.155557,37,3242.017246505626
20764,33.999895,-118.155641,38,3261.529302563483
20764,34.000294,-118.156834,39,3380.5442320703137
20764,34.000665,-118.157939,40,3490.839029378837
20764,34.001219,-118.159549,41,3652.1039005675134
20764,34.002904,-118.159273,42,3841.1291391067307
20764,34.003541,-118.159165,43,3912.635127939287
20764,34.003704,-118.159139,44,3930.9120219031056
20764,34.00371,-118.159222,45,3938.6243596156664
20764,34.004173,-118.159152,46,3990.493942694713
20764,34.004239,-118.159705,47,4042.208732579718
20764,34.004328,-118.160027,48,4073.6152543934513
20764,34.004383,-118.16018,49,4089.0416343889387
20764,34.004877,-118.161649,50,4235.694933267401
20764,34.004975,-118.161936,51,4264.408904975947
20764,34.005228,-118.162673,52,4338.201308037596
20764,34.005352,-118.163045,53,4375.293018232388
20764,34.005425,-118.16324,54,4395.083872105866
20764,34.005463,-118.163318,55,4403.448941797703
20764,34.005859,-118.163731,56,4461.749974941572
20764,34.004845,-118.165256,57,4642.391614025764
20764,34.003803,-118.16677,58,4824.206200403945
20764,34.00313,-118.167773,59,4943.4396761167245
20764,34.003221,-118.16801,60,4967.598441227422
20764,34.003617,-118.169318,61,5096.433475844002
20764,34.003897,-118.170267,62,5189.632856139099
20764,34.004126,-118.170922,63,5255.392278277262
20764,34.004962,-118.173423,64,5504.8602447763105
20764,34.005518,-118.175087,65,5670.829140364035
20764,34.005566,-118.175202,66,5682.736598084151
20764,34.005844,-118.175044,67,5716.9228803119595
20764,34.006932,-118.174512,68,5847.496561378262
20764,34.006985,-118.174481,69,5854.049247193035
20764,34.007052,-118.17531,70,5931.1474476115445
20764,34.007067,-118.175449,71,5944.121759707036
20764,34.005801,-118.176086,72,6096.692413650729
20764,34.005516,-118.175284,73,6177.407865939409
20764,34.005095,-118.174031,74,6302.479743602481
20764,34.004818,-118.173262,75,6380.0381985140575
20764,34.004452,-118.172131,76,6492.3600025193855
20764,34.003863,-118.170366,77,6668.374275483912
20764,34.003274,-118.168783,78,6828.873120698174
20764,34.003338,-118.16874,79,6837.024728168512
20764,34.00296,-118.167686,80,6943.256625603474
20764,34.003212,-118.167266,81,6991.1754944912245
20764,34.003896,-118.166298,82,7108.690910182891
20764,34.004991,-118.164649,83,7303.921357108864
20764,34.005706,-118.16361,84,7428.687082309476
20764,34.005548,-118.163469,85,7450.568152620286
20764,34.00544,-118.16336,86,7466.249771993727
20764,34.005384,-118.163259,87,7477.481752001525
20764,34.005237,-118.16287,88,7517.024877550374
20764,34.005135,-118.16254,89,7549.608895742264
20764,34.004978,-118.162068,90,7596.6578789414125
20764,34.004746,-118.161397,91,7663.912598961544
20764,34.004472,-118.160606,92,7743.216988094271
20764,34.004335,-118.160182,93,7785.317446675531
20764,34.004217,-118.159804,94,7822.686612099279
20764,34.004148,-118.159308,95,7869.238014426729
20764,34.004024,-118.159323,96,7883.090589786575
20764,34.001975,-118.159609,97,8112.373996414566
20764,34.001561,-118.15969,98,8158.997693881493
20764,34.001539,-118.159612,99,8166.621287990184
20764,34.001226,-118.159682,100,8202.01010052645
20764,34.000889,-118.158705,101,8299.905297181329
20764,34.000652,-118.157998,102,8370.45824309821
20764,34.000262,-118.156853,103,8484.978555692154
20764,33.999925,-118.155836,104,8586.306129443361
20764,33.999852,-118.155611,105,8608.660375338211
20764,34.000478,-118.155292,106,8684.249148149154
20764,34.000798,-118.155137,107,8722.603145279818
20764,34.001403,-118.15484,108,8795.253842413518
20764,34.001646,-118.15472,109,8824.459097546178
20764,34.002278,-118.154419,110,8900.031918078617
20764,34.00305,-118.154049,111,8992.42498637749
20764,34.003202,-118.154443,112,9032.621682328003
20764,34.00343,-118.15515,113,9102.805675590635
20764,34.003592,-118.155602,114,9148.358356795092
20764,34.003865,-118.156424,115,9230.279703150425
20764,34.003899,-118.156535,116,9241.228092783229
20764,34.003935,-118.15669,117,9256.124213288886
20764,34.003951,-118.157023,118,9287.001824982055
20764,34.003962,-118.15725,119,9308.051116418183
20764,34.004001,-118.157627,120,9343.218779125827
20764,34.004128,-118.158785,121,9451.34188242308
20764,34.004163,-118.15908,122,9478.926101889781
20764,34.004755,-118.158997,123,9545.174961402516
20764,34.005288,-118.158932,124,9604.723596624184
20764,34.005555,-118.158871,125,9634.933535588489
20764,34.005927,-118.158815,126,9676.6056660093
20764,34.006461,-118.158724,127,9736.555475369705
20764,34.006939,-118.158657,128,9790.046784138818
20764,34.007523,-118.158598,129,9855.188767762767
20764,34.007887,-118.158583,130,9895.67183444385
20764,34.008107,-118.158613,131,9920.282404833393
20764,34.008526,-118.158704,132,9967.61065384629
20764,34.008762,-118.158634,133,9994.630908898824
20764,34.008862,-118.158556,134,10007.885263857082
20764,34.009384,-118.158241,135,10072.821141740504
20764,34.009501,-118.158216,136,10086.030197534661
20764,34.009779,-118.158241,137,10117.016941955293
20764,34.009904,-118.158279,138,10131.349258572609
20764,34.010484,-118.158556,139,10200.72909417439
20764,34.010799,-118.158702,140,10238.259557644522
20764,34.011064,-118.158603,141,10269.107347800607
20764,34.011389,-118.158409,142,10309.448813219109
20764,34.011506,-118.158383,143,10322.67438993466
20764,34.011564,-118.158377,144,10329.145075276258
20764,34.011674,-118.158308,145,10342.939429522636
20764,34.012213,-118.157963,146,10410.829798877945
20764,34.012775,-118.157633,147,10480.365425220276
20764,34.013395,-118.157262,148,10557.36172455965
20764,34.013663,-118.15711,149,10590.305827803233
20764,34.014552,-118.156582,150,10700.545160007294
20764,34.01528,-118.156156,151,10790.559613323077
20764,34.015888,-118.155802,152,10865.664407332648
20764,34.016419,-118.155479,153,10931.826094794562
20764,34.01691,-118.15518,154,10993.017666371767
20764,34.017564,-118.154799,155,11073.813292760105
20764,34.018172,-118.154456,156,11148.47927461215
20764,34.018766,-118.154091,157,11222.644801241926
20764,34.019131,-118.153874,158,11267.914723512213
20764,34.019225,-118.153817,159,11279.619428207394
20764,34.019284,-118.153815,160,11286.180035000867
20764,34.019438,-118.153746,161,11304.450036025995
20764,34.019617,-118.153683,162,11325.18316253341
20764,34.019372,-118.152514,163,11436.754464698835
20764,34.01915,-118.151448,164,11538.457429278442
20764,34.018927,-118.150406,165,11638.034859681222
20764,34.018722,-118.149448,166,11729.584607419576
20764,34.018676,-118.149235,167,11749.951342666107
20764,34.018506,-118.149286,168,11769.428018318764
20764,34.018348,-118.14931,169,11787.130112582125
20764,34.017947,-118.149431,170,11833.087905884187
20764,34.017465,-118.149594,171,11888.747311546478
20764,34.017426,-118.149615,172,11889.032492835218
18345,34.003873,-118.159116,0,0
18345,34.004127,-118.15907,1,28.5518568490046
18345,34.004067,-118.15852,2,79.90098761276704
18345,34.003905,-118.156889,3,231.95507012164413
18345,34.00386,-118.156526,4,265.928820734021
18345,34.003738,-118.156156,5,302.7671033830121
18345,34.00311,-118.154335,6,485.2220568076841
18345,34.00303,-118.154099,7,508.80956370153007
18345,34.001047,-118.155058,8,746.4316687801304
18345,34.000056,-118.155557,9,865.8778491470134
18345,33.999023,-118.156059,10,989.7463873143042
18345,33.998891,-118.155656,11,1029.836296386729
18345,33.998144,-118.153443,12,1250.8966670032098
18345,33.997658,-118.152009,13,1394.2241868280526
18345,33.996952,-118.149936,14,1601.56523570706
18345,33.996078,-118.147334,15,1861.31086674658
18345,33.995986,-118.147061,16,1888.575879397767
18345,33.995415,-118.145446,17,2051.0082101507055
18345,33.995261,-118.144947,18,2100.275957184325
18345,33.995115,-118.144373,19,2155.840869494354
18345,33.995155,-118.143729,20,2215.6295097727457
18345,33.99523,-118.143485,21,2239.70876170093
18345,33.995539,-118.143764,22,2282.6841654635355
18345,33.996983,-118.145239,23,2493.4205512148865
18345,33.997939,-118.146178,24,2630.7119719878583
18345,33.998491,-118.146715,25,2709.681484740609
18345,34.000194,-118.148327,26,2950.727309624576
18345,34.003182,-118.1512,27,3376.2213131854164
18345,34.004116,-118.152193,28,3514.886219338257
18345,34.005148,-118.153363,29,3672.6484589676897
18345,34.005875,-118.15417,30,3782.696629952146
18345,34.00676,-118.155168,31,3917.6463341776457
18345,34.007404,-118.15593,32,4018.1423823943474
18345,34.007951,-118.156525,33,4100.180284606658
18345,34.007831,-118.156691,34,4120.527966642007
18345,34.007738,-118.156879,35,4140.76925241444
18345,34.007769,-118.157019,36,4154.178956243471
18345,34.008022,-118.157619,37,4216.432853133165
18345,34.008458,-118.158145,38,4285.130146852855
18345,34.009143,-118.158832,39,4384.3330229043195
18345,34.010468,-118.160044,40,4569.4722828091435
18345,34.011055,-118.160682,41,4657.475814015199
18345,34.011633,-118.161637,42,4766.753757274904
18345,34.01304,-118.164677,43,5088.680898558414
18345,34.013716,-118.166195,44,5248.016785811867
18345,34.01466,-118.168467,45,5483.03506876121
18345,34.015043,-118.169535,46,5590.664515508127
18345,34.015211,-118.170103,47,5646.455370618498
18345,34.015372,-118.170666,48,5701.552618127624
18345,34.015629,-118.171235,49,5761.466179895474
18345,34.016092,-118.172082,50,5855.2442861946
18345,34.016412,-118.172587,51,5913.979506523613
18345,34.016532,-118.17286,52,5942.551710514338
18345,34.016759,-118.173235,53,5985.462028709434
18345,34.017113,-118.174098,54,6074.503204690466
18345,34.017411,-118.174741,55,6142.612904831758
18345,34.018069,-118.176195,56,6295.777307455606
18345,34.018669,-118.177536,57,6436.674650754749
18345,34.019038,-118.178287,58,6517.38075183189
18345,34.019341,-118.178952,59,6587.54023052645
18345,34.019695,-118.179898,60,6683.529842989103
18345,34.020237,-118.18272,61,6951.5688518183515
18345,34.020237,-118.1842,62,7088.544868706773
18345,34.020228,-118.188706,63,7505.581267543383
18345,34.020259,-118.191487,64,7762.987921129831
18345,34.020355,-118.19263,65,7869.309895312995
18345,34.02056,-118.193686,66,7969.663850951576
18345,34.02117,-118.195543,67,8154.4186396582245
18345,34.023011,-118.199754,68,8594.591166078684
18345,34.02398,-118.202007,69,8829.270990583427
18345,34.024959,-118.204222,70,9061.348348013013
18345,34.025692,-118.206223,71,9263.657815143088
18345,34.026154,-118.207753,72,9414.272312977262
18345,34.027532,-118.210827,73,9737.355785913876
18345,34.028814,-118.213635,74,10033.710999337245
18345,34.029437,-118.215119,75,10187.50813862929
18345,34.030344,-118.216948,76,10384.507054538217
18345,34.031251,-118.21853,77,10562.252182827671
18345,34.03186,-118.21932,78,10661.87985347307
18345,34.032496,-118.220033,79,10758.574541358317
18345,34.033563,-118.220849,80,10899.164156222718
18345,34.033923,-118.22109,81,10944.971249552014
18345,34.034301,-118.221262,82,10989.897689671488
18345,34.034847,-118.221498,83,11054.392439746929
18345,34.035458,-118.221622,84,11123.264535417742
18345,34.035987,-118.221654,85,11182.134762553844
18345,34.036579,-118.221595,86,11248.158711081498
18345,34.037601,-118.221445,87,11362.593762078137
18345,34.038302,-118.221447,88,11440.506674481036
18345,34.039143,-118.221549,89,11534.454931998313
18345,34.039934,-118.221528,90,11622.39215693736
18345,34.040628,-118.221394,91,11700.516950798468
18345,34.041696,-118.221136,92,11821.596458209
18345,34.04335,-118.220978,93,12006.010894935915
18345,34.044675,-118.221032,94,12153.36299549451
18345,34.045812,-118.221057,95,12279.756252356108
18345,34.046509,-118.221151,96,12357.711098312877
18345,34.047176,-118.221345,97,12433.986788810862
18345,34.04807,-118.221618,98,12536.510438022937
18345,34.048749,-118.221903,99,12616.451606456005
18345,34.049745,-118.222429,100,12737.376139775748
18345,34.050431,-118.222756,101,12819.40413011126
18345,34.051151,-118.223109,102,12905.835763072397
18345,34.051476,-118.223356,103,12948.57885528791
18345,34.051725,-118.223539,104,12981.021649065184
18345,34.051999,-118.223842,105,13022.412381148495
18345,34.052189,-118.224099,106,13054.212365679306
18345,34.052372,-118.22447,107,13094.108575537219
18345,34.052488,-118.224732,108,13121.562485448343
18345,34.052648,-118.225381,109,13184.181121464759
18345,34.05275,-118.226137,110,13255.033050870916
18345,34.052781,-118.226438,111,13283.091476771257
18345,34.053092,-118.228326,112,13461.14084679063
18345,34.053453,-118.230552,113,13670.942767909874
18345,34.0536,-118.231116,114,13725.616993065021
18345,34.053698,-118.231706,115,13781.274348670484
18345,34.053773,-118.232022,116,13811.67285003462
18345,34.053911,-118.232231,117,13836.352360961831
18345,34.054107,-118.232339,118,13860.318471093302
18345,34.054333,-118.232328,119,13885.45762979374
18345,34.05512,-118.232172,120,13974.110508929964
18345,34.055271,-118.23302,121,14054.332972568905
18345,34.054858,-118.23309,122,14100.68995224703
18345,34.054595,-118.233149,123,14130.426016246736
18345,34.054573,-118.233235,124,14138.749088179446
18345,34.054569,-118.233331,125,14147.6410976546
18345,34.0546,-118.233401,126,14154.976300829034
18345,34.054662,-118.233428,127,14162.305937504367
18345,34.054875,-118.233385,128,14186.31147160053
18345,34.055693,-118.233197,129,14278.875728469395
18345,34.055797,-118.233157,130,14291.012541004458
18345,34.055902,-118.233117,131,14303.255252024346
18345,34.055944,-118.233039,132,14311.849184257127
18345,34.055935,-118.232954,133,14319.775716388893
18345,34.055899,-118.232862,134,14329.18006775165
18345,34.055733,-118.232907,135,14348.093775981733
18345,34.055098,-118.233009,136,14419.298188610084
18345,34.054987,-118.232339,137,14482.494965826514
18345,34.05397333168776,-118.23249213988112,138,14596.045374556912
18345,34.05383022097069,-118.23264461474992,139,14617.304763236623
18345,34.053773665828565,-118.2331759080734,140,14666.855089449022
18345,34.05400389056971,-118.2348761230316,141,14826.209656271343
18345,34.054044557748945,-118.23586609492874,142,14917.90308989388
18345,34.05410611239838,-118.23626782243728,143,14955.691183945144
18345,34.05430922386976,-118.23720147521593,144,15044.964149001711
18345,34.05458433487073,-118.23805209723665,145,15129.386214832966
18345,34.054717666691076,-118.2383178700447,146,15158.093139934388
18345,34.05528244155803,-118.23927223579024,147,15266.420149403466
18345,34.05445055839882,-118.24001395123864,148,15381.557099403259
18345,34.0535434774259,-118.24088610964392,149,15510.683116886441
18345,34.05302862553896,-118.24130361890602,150,15579.720616284334
18345,34.05261600224591,-118.2416269183464,151,15634.471687350428
18345,34.052172814475156,-118.24197373680114,152,15693.256765684904
18345,34.05159111844399,-118.2424611276474,153,15772.078324844653
18345,34.051732,-118.242655,154,15795.886984592253
18345,34.053606,-118.245466,155,16129.061682746511
18345,34.054183,-118.246345,156,16232.621960744586
18345,34.054619,-118.246962,157,16307.495432411288
18345,34.055686,-118.248636,158,16502.544322944745
18345,34.055757,-118.248754,159,16516.013681379707
18345,34.055157,-118.249226,160,16595.721962750238
18345,34.054841,-118.249521,161,16640.19897330963
18345,34.054157,-118.250189,162,16738.167697354293
18345,34.054069,-118.250387,163,16758.932012406476
18345,34.053025,-118.251358,164,16905.67051015424
18345,34.051794,-118.252501,165,17078.584383935366
18345,34.051474,-118.252764,166,17121.675669892353
18345,34.050278,-118.253869,167,17289.363334383
18345,34.04987,-118.254277,168,17348.36268303592
18345,34.048034,-118.255939,169,17603.862227575795
18345,34.045936,-118.257887,170,17898.564569636972
18345,34.044343,-118.259382,171,18123.234140608365
18345,34.043045,-118.260637,172,18308.417643324225
18345,34.044334,-118.262686,173,18546.031756162494
18345,34.044957,-118.263823,174,18671.966854802045
18345,34.045091,-118.264252,175,18714.35871800818
18345,34.04541,-118.265604,176,18844.368546535614
18345,34.045668,-118.26637,177,18920.817134054658
18345,34.045872,-118.26681,178,18967.412217619654
18345,34.046504,-118.266349,179,19049.587178373702
18345,34.047375,-118.26578,180,19159.777459653622
18345,34.048184,-118.265222,181,19263.455585723375
18345,34.048584,-118.264804,182,19322.377173271732
18345,34.048948,-118.2643,183,19384.10753276353
18345,34.049066,-118.264199,184,19400.21026072875
18345,34.049341,-118.263662,185,19458.53819844307
18345,34.050915,-118.261163,186,19748.45089854268
18345,34.052615,-118.258756,187,20040.47941059527
18345,34.053145,-118.258073,188,20126.861874064358
18345,34.05415,-118.257279,189,20260.545481967572
18345,34.055279,-118.256496,190,20405.429559056945
18345,34.055874,-118.256089,191,20481.525429728594
18345,34.056443,-118.255509,192,20564.458503589543
18345,34.057056,-118.254908,193,20652.39322237467
18345,34.057723,-118.254232,194,20749.376880746193
18345,34.059513,-118.252255,195,21019.604828823227
18345,34.059963,-118.251722,196,21089.834613830568
18345,34.060061,-118.251443,197,21117.84683018669
18345,34.060594,-118.250735,198,21206.154742310875
18345,34.060914,-118.250252,199,21263.260096883445
18345,34.061323,-118.249587,200,21339.74661121628
18345,34.061412,-118.249168,201,21379.746612574767
18345,34.061323,-118.248643,202,21429.306490603904
18345,34.061109,-118.248224,203,21474.78026284645
18345,34.059972,-118.247098,204,21638.541373232314
18345,34.059643,-118.246594,205,21697.791652764416
18345,34.059296,-118.246046,206,21761.48622609244
18345,34.05903,-118.245488,207,21820.969942099782
18345,34.058452,-118.244791,208,21911.98568349037
18345,34.05759,-118.243611,209,22057.221657852413
18345,34.055919,-118.240961,210,22364.770021855194
18345,34.054265,-118.238247,211,22675.942718016024
18345,34.053847,-118.237302,212,22774.94191329359
18345,34.053661,-118.236691,213,22835.127172116063
18345,34.053616,-118.235908,214,22907.73496247016
18345,34.053652,-118.235124,215,22980.373143422992
18345,34.053519,-118.233086,216,23169.487655294164
18345,34.05343,-118.232056,217,23265.285560345044
18345,34.053074,-118.22947,218,23507.76881857938
18345,34.052976,-118.228601,219,23588.89569115607
18345,34.052674,-118.226842,220,23755.049442580414
18345,34.05239,-118.225533,221,23880.194063451603
18345,34.052141,-118.22476,222,23956.874579605996
18345,34.051732,-118.224042,223,24037.364590942667
18345,34.051243,-118.223441,224,24115.11637173735
18345,34.050194,-118.222808,225,24245.588424255813
18345,34.049021,-118.222228,226,24386.572343537475
18345,34.047714,-118.221628,227,24542.083758210912
18345,34.046727,-118.221381,228,24654.138958071886
18345,34.044802,-118.221172,229,24868.965450865933
18345,34.043122,-118.221172,230,25055.68933530755
18345,34.041832,-118.221281,231,25199.42082458141
18345,34.040423,-118.221644,232,25359.585425746995
18345,34.039462,-118.221751,233,25466.853682987232
18345,34.0382,-118.221633,234,25607.54303411733
18345,34.037471,-118.221644,235,25688.574164518748
18345,34.036991,-118.221751,236,25742.8346833979
18345,34.035879,-118.221827,237,25866.627838713128
18345,34.034919,-118.221644,238,25974.66234396484
18345,34.033683,-118.221097,239,26121.06544423449
18345,34.032741,-118.220496,240,26239.61750635595
18345,34.031603,-118.219702,241,26385.892032625696
18345,34.030696,-118.21923,242,26495.75594194864
18345,34.02978,-118.218372,243,26624.864233395467
18345,34.02906,-118.217417,244,26744.086275735983
18345,34.028847,-118.216956,245,26792.875230726673
18345,34.028624,-118.216022,246,26882.790252949213
18345,34.0285,-118.215067,247,26972.233468424805
18345,34.028251,-118.213887,248,27084.882675689256
18345,34.027593,-118.211859,249,27286.300671532277
18345,34.027077,-118.210454,250,27428.407746581262
18345,34.026437,-118.208866,251,27591.674912956078
18345,34.025814,-118.2073,252,27752.289613426852
18345,34.025094,-118.2051,253,27971.048253006382
18345,34.024298,-118.203303,254,28159.420218349584
18345,34.022182,-118.198411,255,28669.600767771204
18345,34.02083,-118.195128,256,29008.56798715242
18345,34.020386,-118.193828,257,29138.610538832512
18345,34.020137,-118.192562,258,29259.003601670986
18345,34.020003,-118.190942,259,29409.67378780101
18345,34.020021,-118.188131,260,29669.842450997992
18345,34.020017,-118.18392,261,30059.576482158067
18345,34.019972,-118.182472,262,30193.684578933295
18345,34.019803,-118.181313,263,30302.584506519717
18345,34.019546,-118.180187,264,30410.642364027204
18345,34.019012,-118.178867,265,30546.466911460357
18345,34.018416,-118.177644,266,30677.619765458076
18345,34.017798,-118.176598,267,30796.3249303043
18345,34.017363,-118.175783,268,30885.92276098677
18345,34.016261,-118.173637,269,31119.278814477402
18345,34.01586,-118.172907,270,31200.222186926876
18345,34.015469,-118.171942,271,31299.552116014213
18345,34.014847,-118.169828,272,31507.074677065986
18345,34.014615,-118.168841,273,31601.99981364851
18345,34.014313,-118.168101,274,31678.276722599912
18345,34.012841,-118.164791,275,32025.601999427832
18345,34.011436,-118.161744,276,32347.988428953442
18345,34.010929,-118.160875,277,32446.202216000347
18345,34.010636,-118.16052,278,32492.466954388106
18345,34.010316,-118.160134,279,32542.882588477216
18345,34.009248,-118.159212,280,32689.08730851447
18345,34.007905,-118.157956,281,32878.29820206769
18345,34.007336,-118.157291,282,32966.55521197023
18345,34.007167,-118.157184,283,32987.79123342869
18345,34.007078,-118.157219,284,32998.20078863354
18345,34.007023,-118.157326,285,33009.84029636799
18345,34.007058,-118.157498,286,33026.230417782666
18345,34.00743,-118.157954,287,33085.319041784096
18345,34.007933,-118.158595,288,33166.84562823702
18345,34.008434,-118.158683,289,33223.12530475988
18345,34.008574,-118.158701,290,33238.7755020855
18345,34.0087,-118.158648,291,33253.61506082672
18345,34.008869,-118.158532,292,33275.2520872722
18345,34.009285,-118.158275,293,33327.25205518057
18345,34.008965,-118.157894,294,33377.341256426116
18345,34.008732,-118.15762,295,33413.59060656158
18345,34.008645,-118.15744,296,33432.855437119804
18345,34.008476,-118.15726,297,33457.96490965183
18345,34.008298,-118.157035,298,33486.691791187004
18345,34.008145,-118.156939,299,33505.879838738256
18345,34.007909,-118.156676,300,33541.66807984071
18345,34.007553,-118.156284,301,33595.357022393255
18345,34.007035,-118.155646,302,33677.83721576604
18345,34.006715,-118.155249,303,33728.98086705866
18345,34.00665,-118.155147,304,33740.86996855063
18345,34.006553,-118.15504,305,33755.51076224767
18345,34.006319,-118.154779,306,33791.010498473814
18345,34.005009,-118.153285,307,33991.83107229975
18345,34.004767,-118.152996,308,34029.768818947414
18345,34.004058,-118.152215,309,34136.71556363677
18345,34.003709,-118.151821,310,34189.96166193154
18345,34.003058,-118.151146,311,34285.56808932819
18345,34.00252,-118.150625,312,34362.39424813144
18345,34.001743,-118.149914,313,34470.98213117348
18345,34.000763,-118.148945,314,34612.09464547832
18345,34.000105,-118.148323,315,34705.18053867586
18345,33.998586,-118.146886,316,34920.1349541184
18345,33.997851,-118.146196,317,35023.84154405152
18345,33.996965,-118.145314,318,35151.77214981121
18345,33.99648,-118.14484,319,35221.28436720417
18345,33.995924,-118.144319,320,35299.68070745704
18345,33.995671,-118.144057,321,35336.8183938479
18345,33.995573,-118.14403,322,35347.99455120409
18345,33.995446,-118.143933,323,35364.72546001585
18345,33.995342,-118.143928,324,35376.29466787656
18345,33.995264,-118.144003,325,35387.40244486658
18345,33.995222,-118.144073,326,35395.389597188674
18345,33.995224,-118.144156,327,35403.07714665296
18345,33.995342,-118.144791,328,35463.312214131525
18345,33.995462,-118.14521,329,35504.33321794944
18345,33.995871,-118.146449,330,35627.722234508285
18345,33.996532,-118.148471,331,35828.82295364686
18345,33.997049,-118.150013,332,35982.71366468586
18345,33.997764,-118.15211,333,36192.489735471674
18345,33.998177,-118.153347,334,36315.867619524295
18345,33.998964,-118.155672,335,36548.20746758044
18345,33.999817,-118.158301,336,36809.40683846822
18345,34.000286,-118.159612,337,36941.49555466394
18345,34.000338,-118.159775,338,36957.654404471294
18345,34.000846,-118.159699,339,37014.55604660226
18345,34.000939,-118.159624,340,37027.00844549409
18345,34.001113,-118.159559,341,37047.26328724783
18345,34.001895,-118.159441,342,37134.86757295055
18345,34.002892,-118.159275,343,37246.74615403043
18345,34.003631,-118.159165,344,37329.51600533158
18345,34.003873,-118.159116,345,37334.07154714005
19794,34.017426,-118.149615,0,0
19794,34.017087,-118.149719,1,38.890940904900646
19794,34.016863,-118.14867,2,139.12601364540723
19794,34.01655,-118.147194,3,280.10280808107643
19794,34.016181,-118.14727,4,321.7171892487489
19794,34.015643,-118.147334,5,381.81027474907603
19794,34.014587,-118.147468,6,499.84146982871016
19794,34.01431,-118.147501,7,530.7820260950325
19794,34.014212,-118.147505,8,541.6813213986537
19794,34.013974,-118.147532,9,568.253547042866
19794,34.013438,-118.147617,10,628.3488618559752
19794,34.012164,-118.147779,11,770.7495936782572
19794,34.011255,-118.147878,12,872.2024262174609
19794,34.010466,-118.147975,13,960.3605939852891
19794,34.009885,-118.148045,14,1025.2647408018322
19794,34.009828,-118.148055,15,1031.6677249769416
19794,34.010217,-118.152419,16,1437.9315992546847
19794,34.010581,-118.156558,17,1823.1877803227148
19794,34.010786,-118.158661,18,2019.1793922335835
19794,34.010779,-118.159018,19,2052.2338945384154
19794,34.010586,-118.15924,20,2081.9403123802686
19794,34.010359,-118.159484,21,2115.803843452445
19794,34.010274,-118.159823,22,2148.574646915178
19794,34.010281,-118.160225,23,2185.793680157959
19794,34.010375,-118.160522,24,2215.2037889986677
19794,34.010611,-118.161051,25,2270.7539100790955
19794,34.010924,-118.161684,26,2338.8971196982257
19794,34.011483,-118.162465,27,2434.2213334671496
19794,34.011927,-118.163135,28,2513.4781483386623
19794,34.012194,-118.163655,29,2570.0243107351976
19794,34.012912,-118.165218,30,2735.250082244047
19794,34.013802,-118.167164,31,2940.750016589596
19794,34.014123,-118.167872,32,3015.3656946825654
19794,34.014362,-118.168462,33,3076.094222581199
19794,34.014514,-118.16888,34,3118.3118771344725
19794,34.014616,-118.169302,35,3158.983835436279
19794,34.014662,-118.169764,36,3202.0505729956835
19794,34.014659,-118.170756,37,3293.869392862392
19794,34.014653,-118.171853,38,3395.408356844945
19794,34.012876,-118.171853,39,3592.9225305681084
19794,34.012878,-118.17096,40,3675.57937486009
19794,34.012894,-118.170487,41,3719.396631990002
19794,34.012876,-118.169937,42,3770.344274561753
19794,34.012885,-118.16982,43,3781.219976314282
19794,34.01361,-118.169811,44,3861.8084488595086
19794,34.014496,-118.169812,45,3960.2879104829226
19794,34.014679,-118.169724,46,3982.1986891662777
19794,34.014619,-118.169817,47,3993.0878152089695
19794,34.01462,-118.16964,48,4009.4710960570706
19794,34.014581,-118.169379,49,4034.0147907290952
19794,34.014492,-118.168982,50,4072.0689665001037
19794,34.014394,-118.168666,51,4103.280128315721
19794,34.014256,-118.168307,52,4139.878342021284
19794,34.014057,-118.167861,53,4186.71223380788
19794,34.013683,-118.167019,54,4275.041278582821
19794,34.012811,-118.165125,55,4475.360344875383
19794,34.012477,-118.164365,56,4554.902034665318
19794,34.011999,-118.163356,57,4662.351795254133
19794,34.01177,-118.162953,58,4707.511237206496
19794,34.011188,-118.162134,59,4807.169720929415
19794,34.010955,-118.16183,60,4845.41288309186
19794,34.010688,-118.161326,61,4900.704555215528
19794,34.010281,-118.160475,62,4991.542743747773
19794,34.010197,-118.159944,63,5041.573400371975
19794,34.010255,-118.1596,64,5074.061648760897
19794,34.010388,-118.1593,65,5105.520797370228
19794,34.010513,-118.159134,66,5126.23664491718
19794,34.010597,-118.158903,67,5149.568577998548
19794,34.010095,-118.158656,68,5209.86928322168
19794,34.009588,-118.15849,69,5268.28055918576
19794,34.009254,-118.158479,70,5305.419224944796
19794,34.008783,-118.158787,71,5365.031481403923
19794,34.008539,-118.159232,72,5414.350145557936
19794,34.008232,-118.160117,73,5503.094321602549
19794,34.008103,-118.160385,74,5531.747854856583
19794,34.008845,-118.161093,75,5637.090758509372
19794,34.008659,-118.16193,76,5717.279382782811
19794,34.008582,-118.162808,77,5799.001745228807
19794,34.008467,-118.163536,78,5867.591415026437
19794,34.00827,-118.165076,79,6011.815147961289
19794,34.00809,-118.166842,80,6176.5067576341135
19794,34.007784,-118.169228,81,6399.9732982651085
19794,34.007758,-118.169514,82,6426.604519867059
19794,34.007738,-118.169822,83,6455.201468200512
19794,34.007683,-118.170272,84,6497.302498923482
19794,34.007612,-118.170403,85,6511.770501269631
19794,34.007463,-118.170523,86,6531.712103568473
19794,34.007294,-118.170575,87,6551.103439853247
19794,34.006695,-118.170897,88,6624.050042692294
19794,34.006574,-118.170924,89,6637.729496276013
19794,34.0063,-118.170138,90,6716.604517769982
19794,34.006177,-118.169714,91,6758.166250458309
19794,34.006096,-118.169543,92,6776.376658476944
19794,34.005952,-118.169368,93,6799.14952057406
19794,34.005688,-118.169152,94,6834.65792187951
19794,34.005614,-118.169044,95,6847.6040093972015
19794,34.004716,-118.168191,96,6974.873830759184
19794,34.0042,-118.167665,97,7050.109114294001
19794,34.005548,-118.165627,98,7291.025915254584
19794,34.004867,-118.164983,99,7387.376687380801
19794,34.004991,-118.164649,100,7421.227919008908
19794,34.005752,-118.163636,101,7547.513819483368
19794,34.005548,-118.163469,102,7574.957045470604
19794,34.005412,-118.163271,103,7598.715262546672
19794,34.005257,-118.162847,104,7641.57947876897
19794,34.005037,-118.162181,105,7707.903441376544
19794,34.004978,-118.162068,106,7720.249556559391
19794,34.004948,-118.161913,107,7734.980288887758
19794,34.004474,-118.160513,108,7874.8787283862075
19794,34.004216,-118.159762,109,7950.0818457931955
19794,34.004123,-118.159011,110,8020.367090743025
19794,34.004081,-118.158613,111,8057.505042065596
19794,34.003949,-118.157319,112,8178.187697641622
19794,34.003923,-118.157059,113,8202.429195092933
19794,34.003905,-118.156813,114,8225.289543053981
19794,34.003875,-118.15655,115,8249.863197192552
19794,34.003786,-118.156293,116,8275.628900364425
19794,34.003531,-118.155522,117,8352.423950297158
19794,34.00311,-118.154335,118,8471.856657089915
19794,34.003034,-118.154101,119,8495.107581957052
19794,34.001146,-118.155002,120,8720.931225290611
19794,34.001095,-118.155041,121,8727.6520843924
19794,34.001046,-118.155049,122,8733.148659592012
19794,34.000143,-118.155503,123,8841.963451589467
19794,34.000111,-118.155548,124,8847.44123849765
19794,34.000062,-118.155534,125,8853.039773640307
19794,33.999858,-118.155639,126,8877.710488853472
19794,33.999275,-118.153855,127,9055.12520396473
19794,33.998529,-118.151596,128,9280.096576635082
19794,33.998475,-118.151496,129,9291.12988029402
19794,33.998483,-118.151454,130,9295.118543500823
19794,33.997951,-118.149956,131,9445.881849729474
19794,33.997927,-118.149876,132,9453.753940189525
19794,33.997913,-118.149831,133,9458.201133117676
19794,33.997889,-118.149737,134,9467.30324637169
19794,33.999189,-118.14911,135,9623.024874841465
19794,33.999244,-118.149062,136,9630.582674522577
19794,33.999296,-118.14906,137,9636.365582986846
19794,33.999415,-118.149002,138,9650.64107476278
19794,34.000622,-118.15015,139,9821.796735486101
19794,34.000714,-118.150231,140,9834.477492941665
19794,34.000722,-118.150263,141,9837.57049707459
19794,34.001667,-118.151143,142,9970.498950894997
19794,34.001737,-118.15119,143,9979.413557966773
19794,34.001763,-118.15125,144,9985.674874024418
19794,34.003128,-118.152562,145,10180.024165306959
19794,34.003197,-118.152584,146,10187.959480821019
19794,34.00322,-118.152658,147,10195.27135868608
19794,34.004032,-118.153629,148,10322.652271588277
19794,34.003245,-118.154005,149,10416.799688792471
19794,34.003089,-118.15409,150,10435.841303575922
19794,34.003054,-118.154094,151,10439.749214711674
19794,34.003239,-118.15462,152,10492.606352529421
19794,34.003711,-118.15599,153,10629.853522996273
19794,34.003892,-118.156525,154,10683.309793814149
19794,34.003935,-118.15669,155,10699.314451347956
19794,34.003939,-118.156866,156,10715.613126510993
19794,34.004063,-118.158207,157,10840.5143115994
19794,34.004128,-118.158785,158,10894.506107847865
19794,34.004161,-118.159076,159,10921.692909796155
19794,34.005399,-118.158916,160,11060.093529141766
19794,34.005555,-118.158871,161,11077.926550388907
19794,34.005677,-118.158863,162,11091.507267038596
19794,34.006478,-118.158732,163,11181.361853874325
19794,34.007427,-118.158615,164,11287.39942768724
19794,34.007867,-118.158597,165,11336.33458461478
19794,34.008192,-118.158653,166,11372.828945610898
19794,34.008414,-118.158703,167,11397.93494850748
19794,34.008492,-118.158736,168,11407.127187802007
19794,34.008595,-118.158708,169,11418.865540836632
19794,34.008817,-118.158572,170,11446.567043268922
19794,34.009149,-118.158338,171,11489.356783661848
19794,34.009302,-118.158277,172,11507.275905514689
19794,34.008888,-118.157772,173,11572.871030749884
19794,34.008702,-118.15752,174,11604.040882461994
19794,34.008504,-118.15726,175,11636.653611693499
19794,34.008317,-118.157033,176,11666.209742614723
19794,34.008012,-118.156777,177,11707.572250090516
19794,34.0071,-118.155726,178,11848.075287541864
19794,34.006699,-118.155162,179,11916.722264075675
19794,34.005703,-118.154094,180,12065.148283295452
19794,34.004838,-118.153078,181,12199.64700482414
19794,34.003404,-118.151493,182,12416.29106017459
19794,34.001501,-118.149653,183,12687.872509203598
19794,33.999081,-118.1474,184,13028.253061874928
19794,33.997851,-118.146196,185,13204.650961128447
19794,33.996386,-118.144717,186,13417.407623792049
19794,33.995172,-118.143623,187,13586.130346323089
19794,33.99494,-118.143405,188,13618.877142370053
19794,33.994136,-118.142593,189,13735.659779363927
19794,33.993331,-118.141815,190,13850.528394396944
19794,33.990454,-118.139039,191,14260.801645050946
19794,33.989893,-118.13846,192,14343.034975803352
19794,33.988853,-118.137869,193,14470.932109406187
19794,33.988123,-118.137397,194,14563.095028506332
19794,33.987919,-118.13714,195,14595.964718565137
19794,33.986558,-118.138684,196,14804.10831738091
19794,33.986113,-118.13913,197,14868.544425317072
19794,33.986025,-118.137931,198,14979.993330038471
19794,33.985918,-118.137212,199,15047.621766612458
19794,33.985771,-118.136509,200,15114.73428228013
19794,33.98562,-118.136032,201,15161.983016993141
19794,33.985429,-118.135522,202,15213.758717838644
19794,33.985095,-118.134878,203,15284.00191393864
19794,33.984859,-118.134465,204,15330.375939608379
19794,33.984355,-118.133777,205,15415.209886404824
19794,33.983422,-118.132822,206,15551.4993627048
19794,33.981305,-118.130703,207,15857.885957586654
19794,33.979953,-118.129367,208,16052.537816895096
19794,33.979502,-118.128891,209,16119.290800905585
19794,33.978965,-118.129231,210,16186.775461883419
19794,33.97739,-118.130261,211,16386.140584316647
19794,33.976693,-118.130721,212,16474.553784478554
19794,33.976233,-118.130967,213,16530.530074895458
19794,33.975835,-118.131071,214,16575.805760685103
19794,33.975233,-118.131196,215,16643.714638136556
19794,33.975094,-118.131197,216,16659.165393054474
19794,33.974497,-118.131175,217,16725.555903032633
19794,33.974039,-118.131065,218,16777.47383321536
19794,33.973634,-118.130915,219,16824.585864206612
19794,33.973398,-118.130807,220,16852.66030358137
19794,33.973184,-118.130689,221,16878.837376317195
19794,33.972768,-118.131719,222,16984.840490319868
19794,33.972508,-118.132908,223,17098.68095033798
19794,33.972419,-118.134302,224,17228.15519090711
19794,33.972657,-118.136631,225,17445.455294124553
19794,33.972779,-118.13745,226,17522.50362725719
19794,33.9729,-118.138849,227,17652.757485200244
19794,33.973111,-118.140874,228,17841.747490137852
19794,33.973169,-118.141061,229,17860.226036983222
19794,33.973176,-118.141306,230,17882.928004261372
19794,33.973336,-118.142781,231,18020.67546273765
19794,33.973825,-118.146858,232,18402.121968052328
19794,33.974214,-118.146611,233,18451.037780537972
19794,33.97428,-118.146493,234,18464.199310887812
19794,33.97436,-118.146496,235,18473.09587075396
19794,33.975022,-118.146107,236,18555.023566188855
19794,33.975228,-118.146045,237,18578.62989816454
19794,33.976408,-118.145306,238,18726.569896552435
19794,33.977349,-118.144705,239,18845.049698987816
19794,33.980499,-118.142686,240,19241.97111312709
19794,33.982429,-118.141463,241,19484.553516830212
19794,33.982646,-118.141277,242,19514.191638166714
19794,33.982763,-118.141226,243,19528.027460806108
19794,33.985307,-118.139644,244,19846.491588623237
19794,33.98597,-118.139091,245,19936.22895606779
19794,33.98671,-118.138364,246,20042.516145119094
19794,33.987991,-118.136975,247,20234.38805651894
19794,33.98818,-118.13677,248,20262.7010113025
19794,33.989486,-118.135462,249,20451.752953445608
19794,33.99034,-118.134942,250,20558.1905105077
19794,33.991029,-118.134722,251,20637.43835098561
19794,33.99135,-118.13469,252,20673.241680795232
19794,33.991485,-118.134667,253,20688.39786039315
19794,33.994935,-118.134655,254,21071.881899027383
19794,33.997017,-118.13458,255,21303.409431714004
19794,33.997986,-118.134269,256,21414.900064844438
19794,34.000094,-118.133056,257,21674.734382227696
19794,34.00074,-118.132591,258,21758.455774865553
19794,34.002323,-118.131747,259,21950.98163300818
19794,34.003435,-118.131383,260,22079.096788070234
19794,34.00516,-118.131265,261,22271.149791785832
19794,34.007357,-118.131372,262,22515.557811368846
19794,34.008376,-118.131334,263,22628.879236248482
19794,34.008425,-118.131668,264,22660.273413947067
19794,34.008811,-118.136318,265,23092.850933002384
19794,34.008871,-118.136606,266,23120.33212273095
19794,34.008856,-118.136715,267,23130.558884073907
19794,34.009123,-118.140062,268,23441.80175157467
19794,34.009287,-118.141587,269,23584.139189888618
19794,34.009267,-118.141668,270,23591.95975756154
19794,34.009494,-118.144348,271,23841.31919691338
19794,34.009539,-118.144419,272,23849.57833436324
19794,34.009523,-118.144504,273,23857.644994431448
19794,34.009657,-118.146174,274,24012.947048879956
19794,34.009704,-118.146781,275,24069.377171023832
19794,34.009831,-118.148015,276,24184.472798970386
19794,34.010594,-118.147931,277,24269.638237536994
19794,34.011151,-118.147865,278,24331.851165277312
19794,34.011689,-118.147792,279,24392.032058836176
19794,34.012366,-118.147714,280,24467.628247339915
19794,34.01302,-118.147628,281,24540.756914284015
19794,34.014,-118.147502,282,24650.309521397026
19794,34.014086,-118.147811,283,24680.466169563155
19794,34.014759,-118.151217,284,25004.482085533564
19794,34.015327,-118.153999,285,25269.610583617607
19794,34.015747,-118.155893,286,25451.027120770286
19794,34.015888,-118.155802,287,25468.819543919377
19794,34.015959,-118.155771,288,25477.216780751616
19794,34.017443,-118.154878,289,25661.71663557166
19794,34.018089,-118.154524,290,25740.64333933942
19794,34.019171,-118.153861,291,25875.660872649718
19794,34.019313,-118.153816,292,25891.984801433166
19794,34.019537,-118.15371,293,25918.746161952127
19794,34.019614,-118.153684,294,25927.636770810317
19794,34.019409,-118.152695,295,26021.967132962374
19794,34.018944,-118.150436,296,26237.343802675885
19794,34.018678,-118.149227,297,26353.084312903717
19794,34.018553,-118.149272,298,26367.589281267592
19794,34.018409,-118.149299,299,26383.789219419898
19794,34.018249,-118.149339,300,26401.954962884796
19794,34.017973,-118.149417,301,26433.471196680857
19794,34.017764,-118.149495,302,26457.79809939038
19794,34.017426,-118.149615,303,26462.398049484967
