trip_id,route_id,service_id,trip_headsign,trip_short_name,direction_id,block_id,shape_id,wheelchair_accessible
1,2701,1,Eastbound,"",1,348403,6304,
10,2701,1,Westbound,"",0,348403,11407,
100,1815,1,Southbound,"",0,348400,11401,
101,1815,1,Northbound,"",1,348400,6552,
102,1849,1,Southbound,"",0,348400,4027,
103,1849,1,Northbound,"",1,348400,4026,
104,1815,1,Southbound,"",0,348400,11401,
105,1815,1,Northbound,"",1,348400,6552,
106,1849,1,Southbound,"",0,348400,4027,
107,1849,1,Northbound,"",1,348400,4026,
108,1815,1,Southbound,"",0,348400,11401,
109,1815,1,Northbound,"",1,348400,6552,
11,2701,1,Eastbound,"",1,348403,6304,
110,1849,1,Southbound,"",0,348400,4027,
111,1849,1,Northbound,"",1,348400,4026,
112,1815,1,Southbound,"",0,348400,11401,
113,1815,1,Northbound,"",1,348400,6552,
114,1849,1,Southbound,"",0,348400,4027,
115,1849,1,Northbound,"",1,348400,4026,
116,1815,1,Southbound,"",0,348400,11401,
117,1815,1,Northbound,"",1,348400,6552,
118,1849,1,Southbound,"",0,348400,4027,
119,1849,1,Northbound,"",1,348400,4026,
12,2701,1,Westbound,"",0,348403,11407,
120,1815,1,Southbound,"",0,348400,11401,
121,1815,1,Northbound,"",1,348400,6552,
122,1849,1,Southbound,"",0,348400,4027,
123,1849,1,Northbound,"",1,348400,4026,
124,1885,1,Southbound,"",0,348408,6159,
125,1885,1,Northbound,"",1,348408,6161,
126,1885,1,Southbound,"",0,348408,6159,
127,1885,1,Northbound,"",1,348408,6161,
128,1885,1,Southbound,"",0,348408,6159,
129,1885,1,Northbound,"",1,348408,6161,
13,2701,1,Eastbound,"",1,348403,6304,
130,1885,1,Southbound,"",0,348408,6159,
131,1885,1,Northbound,"",1,348408,6161,
132,1885,1,Southbound,"",0,348408,6159,
133,1885,1,Northbound,"",1,348408,6161,
134,1885,1,Southbound,"",0,348408,6159,
135,1885,1,Northbound,"",1,348408,6161,
136,1885,1,Southbound,"",0,348408,6159,
137,1885,1,Northbound,"",1,348408,6161,
138,1885,1,Southbound,"",0,348408,6159,
139,1885,1,Northbound,"",1,348408,6161,
14,2701,1,Westbound,"",0,348403,11407,
140,1885,1,Southbound,"",0,348408,6159,
141,1885,1,Northbound,"",1,348408,6161,
142,1885,1,Southbound,"",0,348408,6159,
143,1885,1,Northbound,"",1,348408,6161,
144,1885,1,Southbound,"",0,348408,6159,
145,1885,1,Northbound,"",1,348408,6161,
146,1885,1,Southbound,"",0,348408,6159,
147,1885,1,Northbound,"",1,348408,6161,
148,1885,1,Southbound,"",0,348408,6159,
149,1885,1,Northbound,"",1,348408,6161,
15,2701,1,Eastbound,"",1,348403,6304,
150,1885,1,Southbound,"",0,348408,6159,
151,1885,1,Northbound,"",1,348408,6161,
152,1885,1,Southbound,"",0,348408,6159,
153,1885,1,Northbound,"",1,348408,6161,
154,1885,1,Southbound,"",0,348408,6159,
155,1885,1,Northbound,"",1,348408,6161,
156,1885,1,Southbound,"",0,348408,6159,
157,1885,1,Northbound,"",1,348408,6161,
158,1885,1,Southbound,"",0,348408,6159,
159,1885,1,Northbound,"",1,348408,6161,
16,2701,1,Westbound,"",0,348403,11407,
160,1885,1,Southbound,"",0,348408,6159,
161,1885,1,Northbound,"",1,348408,6161,
162,1885,1,Southbound,"",0,348408,6159,
163,1885,1,Northbound,"",1,348408,6161,
164,1885,1,Southbound,"",0,348408,6159,
165,1885,1,Northbound,"",1,348408,6161,
166,1885,1,Southbound,"",0,348408,6159,
167,1885,1,Northbound,"",1,348408,6161,
168,1885,1,Southbound,"",0,348408,6159,
169,1885,1,Northbound,"",1,348408,6161,
17,2701,1,Eastbound,"",1,348403,6304,
170,1885,1,Southbound,"",0,348408,6159,
171,1885,1,Northbound,"",1,348408,6161,
172,1885,1,Southbound,"",0,348408,6159,
173,1885,1,Northbound,"",1,348408,6161,
174,1885,1,Southbound,"",0,348408,6159,
175,1885,1,Northbound,"",1,348408,6161,
176,1885,1,Southbound,"",0,348408,6159,
177,1885,1,Northbound,"",1,348408,6161,
178,1885,1,Southbound,"",0,348408,6159,
179,1885,1,Northbound,"",1,348408,6161,
18,2701,1,Westbound,"",0,348403,11407,
180,1885,1,Southbound,"",0,348408,6159,
181,1885,1,Northbound,"",1,348408,6161,
182,1885,1,Southbound,"",0,348408,6159,
183,1885,1,Northbound,"",1,348408,6161,
184,1885,1,Southbound,"",0,348408,6159,
185,1885,1,Northbound,"",1,348408,6161,
186,1885,1,Southbound,"",0,348408,6159,
187,1885,1,Northbound,"",1,348414,6161,
188,1885,1,Southbound,"",0,348414,6159,
189,1885,1,Northbound,"",1,348414,6161,
19,2701,1,Eastbound,"",1,348403,6304,
190,1885,1,Southbound,"",0,348414,6159,
191,1885,1,Northbound,"",1,348414,6161,
192,1885,1,Southbound,"",0,348414,6159,
193,1885,1,Northbound,"",1,348414,6161,
194,1885,1,Southbound,"",0,348414,6159,
195,1885,1,Northbound,"",1,348414,6161,
196,1885,1,Southbound,"",0,348414,6159,
197,1885,1,Northbound,"",1,348414,6161,
198,1885,1,Southbound,"",0,348414,6159,
199,1885,1,Northbound,"",1,348414,6161,
2,2701,1,Westbound,"",0,348403,11407,
20,2701,1,Westbound,"",0,348403,11407,
200,1885,1,Southbound,"",0,348414,6159,
201,1885,1,Northbound,"",1,348414,6161,
202,1885,1,Southbound,"",0,348414,6159,
203,1885,1,Northbound,"",1,348414,6161,
204,1885,1,Southbound,"",0,348414,6159,
205,1885,1,Northbound,"",1,348414,6161,
206,1885,1,Southbound,"",0,348414,6159,
207,1885,1,Northbound,"",1,348414,6161,
208,1885,1,Southbound,"",0,348414,6159,
209,1885,1,Northbound,"",1,348414,6161,
21,2701,1,Eastbound,"",1,348403,6304,
210,1885,1,Southbound,"",0,348414,6159,
211,1885,1,Northbound,"",1,348414,6161,
212,1885,1,Southbound,"",0,348414,6159,
213,1885,1,Northbound,"",1,348414,6161,
214,1885,1,Southbound,"",0,348414,6159,
215,1885,1,Northbound,"",1,348414,6161,
216,1885,1,Southbound,"",0,348414,6159,
217,1885,1,Northbound,"",1,348414,6161,
218,1885,1,Southbound,"",0,348414,6159,
219,1885,1,Northbound,"",1,348414,6161,
22,2701,1,Westbound,"",0,348403,11407,
220,1885,1,Southbound,"",0,348414,6159,
221,1885,1,Northbound,"",1,348414,6161,
222,1885,1,Southbound,"",0,348414,6159,
223,1885,1,Northbound,"",1,348414,6161,
224,1885,1,Southbound,"",0,348414,6159,
225,1885,1,Northbound,"",1,348414,6161,
226,1885,1,Southbound,"",0,348414,6159,
227,1885,1,Northbound,"",1,348414,6161,
228,1885,1,Southbound,"",0,348414,6159,
229,1885,1,Northbound,"",1,348414,6161,
23,2701,1,Eastbound,"",1,348403,6304,
230,1885,1,Southbound,"",0,348414,6159,
231,1885,1,Northbound,"",1,348414,6161,
232,1885,1,Southbound,"",0,348414,6159,
233,1885,1,Northbound,"",1,348414,6161,
234,1885,1,Southbound,"",0,348414,6159,
235,1885,1,Northbound,"",1,348414,6161,
236,1885,1,Southbound,"",0,348414,6159,
237,1885,1,Northbound,"",1,348414,6161,
238,1885,1,Southbound,"",0,348414,6159,
239,1885,1,Northbound,"",1,348414,6161,
24,2701,1,Westbound,"",0,348403,11407,
240,1885,1,Southbound,"",0,348414,6159,
241,1885,1,Northbound,"",1,348414,6161,
242,1885,1,Southbound,"",0,348414,6159,
243,1885,1,Northbound,"",1,348414,6161,
244,1885,1,Southbound,"",0,348414,6159,
245,1885,1,Northbound,"",1,348414,6161,
246,1885,1,Southbound,"",0,348414,6159,
247,1885,1,Northbound,"",1,348414,6161,
248,1885,1,Southbound,"",0,348414,6159,
249,1885,1,Northbound,"",1,348414,6161,
25,2701,1,Eastbound,"",1,348403,6304,
250,1886,1,Eastbound,"",1,348405,4083,
251,1852,1,Eastbound,"",0,348405,4032,
252,1852,1,Westbound,"",1,348405,9740,
253,1886,1,Westbound,"",0,348405,9742,
254,1886,1,Eastbound,"",1,348405,4083,
255,1852,1,Eastbound,"",0,348405,4032,
256,1852,1,Westbound,"",1,348405,9740,
257,1886,1,Westbound,"",0,348405,9742,
258,1886,1,Eastbound,"",1,348405,4083,
259,1852,1,Eastbound,"",0,348405,4032,
26,2701,1,Westbound,"",0,348403,11407,
260,1852,1,Westbound,"",1,348405,9740,
261,1886,1,Westbound,"",0,348405,9742,
262,1886,1,Eastbound,"",1,348405,4083,
263,1852,1,Eastbound,"",0,348405,4032,
264,1852,1,Westbound,"",1,348405,9740,
265,1886,1,Westbound,"",0,348405,9742,
266,1886,1,Eastbound,"",1,348405,4083,
267,1852,1,Eastbound,"",0,348405,4032,
268,1852,1,Westbound,"",1,348405,9740,
269,1886,1,Westbound,"",0,348405,9742,
27,2701,1,Eastbound,"",1,348403,6304,
270,1886,1,Eastbound,"",1,348405,4083,
271,1852,1,Eastbound,"",0,348405,4032,
272,1852,1,Westbound,"",1,348405,9740,
273,1886,1,Westbound,"",0,348405,9742,
274,1886,1,Eastbound,"",1,348405,4083,
275,1852,1,Eastbound,"",0,348405,4032,
276,1852,1,Westbound,"",1,348405,9740,
277,1886,1,Westbound,"",0,348405,9742,
278,1886,1,Eastbound,"",1,348405,4083,
279,1852,1,Eastbound,"",0,348405,4032,
28,2701,1,Westbound,"",0,348403,11407,
280,1852,1,Westbound,"",1,348405,9740,
281,1886,1,Westbound,"",0,348407,9742,
282,1886,1,Eastbound,"",1,348407,4083,
283,1852,1,Eastbound,"",0,348407,4032,
284,1852,1,Westbound,"",1,348407,9740,
285,1886,1,Westbound,"",0,348407,9742,
286,1886,1,Eastbound,"",1,348407,4083,
287,1852,1,Eastbound,"",0,348407,4032,
288,1852,1,Westbound,"",1,348407,9740,
289,1886,1,Westbound,"",0,348407,9742,
29,2701,1,Eastbound,"",1,348403,6304,
290,1886,1,Eastbound,"",1,348407,4083,
291,1852,1,Eastbound,"",0,348407,4032,
292,1852,1,Westbound,"",1,348407,9740,
293,1886,1,Westbound,"",0,348407,9742,
294,1886,1,Eastbound,"",1,348407,4083,
295,1852,1,Eastbound,"",0,348407,4032,
296,1852,1,Westbound,"",1,348407,9740,
297,1886,1,Westbound,"",0,348407,9742,
298,1886,1,Eastbound,"",1,348407,4083,
299,1852,1,Eastbound,"",0,348407,4032,
3,2701,1,Eastbound,"",1,348403,6304,
30,2701,1,Westbound,"",0,348403,11407,
300,1852,1,Westbound,"",1,348407,9740,
301,1886,1,Westbound,"",0,348407,9742,
302,1886,1,Eastbound,"",1,348407,4083,
303,1852,1,Eastbound,"",0,348407,4032,
304,1852,1,Westbound,"",1,348407,9740,
305,1886,1,Westbound,"",0,348407,9742,
306,1886,1,Eastbound,"",1,348407,4083,
307,1852,1,Eastbound,"",0,348407,4032,
308,1852,1,Westbound,"",1,348407,9740,
309,1886,1,Westbound,"",0,348407,9742,
310,1895,1,Southbound,"",0,348402,10197,
311,1895,1,Northbound,"",1,348402,13871,
312,1895,1,Southbound,"",0,348402,10197,
313,1895,1,Northbound,"",1,348402,13871,
314,1895,1,Southbound,"",0,348402,10197,
315,1895,1,Northbound,"",1,348402,13871,
316,1895,1,Southbound,"",0,348402,10197,
317,1895,1,Northbound,"",1,348402,13871,
318,1895,1,Southbound,"",0,348402,10197,
319,1895,1,Northbound,"",1,348402,13871,
320,1895,1,Southbound,"",0,348402,10197,
321,1895,1,Northbound,"",1,348402,13871,
322,1895,1,Southbound,"",0,348402,10197,
323,1895,1,Northbound,"",1,348402,13871,
324,1895,1,Southbound,"",0,348402,10197,
325,1895,1,Northbound,"",1,348402,13871,
326,1895,1,Southbound,"",0,348402,10197,
327,1895,1,Northbound,"",1,348402,13871,
328,1895,1,Southbound,"",0,348402,10197,
329,1895,1,Northbound,"",1,348402,13871,
330,1895,1,Southbound,"",0,348402,10197,
331,1895,1,Northbound,"",1,348402,13871,
332,1895,1,Southbound,"",0,348402,10197,
333,1895,1,Northbound,"",1,348404,13871,
334,1895,1,Southbound,"",0,348404,10197,
335,1895,1,Northbound,"",1,348404,13871,
336,1895,1,Southbound,"",0,348404,10197,
3361,5861,2,Sapphire to DT Bloom,"",1,348430,20052,
3362,5861,2,Sapphire to UT Normal,"",0,348430,20369,
3363,5861,2,Sapphire to DT Bloom,"",1,348430,20052,
3364,5861,2,Sapphire to UT Normal,"",0,348432,20369,
3365,5861,2,Sapphire to DT Bloom,"",1,348432,20052,
3366,5861,2,Sapphire to UT Normal,"",0,348432,20369,
3367,1886,2,Westbound,"",0,348438,9742,
3368,1886,2,Eastbound,"",1,348438,4083,
3369,1852,2,Eastbound,"",0,348438,4032,
337,1895,1,Northbound,"",1,348404,13871,
3370,1852,2,Westbound,"",1,348438,9740,
3371,1886,2,Westbound,"",0,348438,9742,
3372,1886,2,Eastbound,"",1,348438,4083,
3373,1852,2,Eastbound,"",0,348438,4032,
3374,1852,2,Westbound,"",1,348438,9740,
3375,1886,2,Westbound,"",0,348438,9742,
3376,1886,2,Eastbound,"",1,348438,4083,
3377,1852,2,Eastbound,"",0,348438,4032,
3378,1852,2,Westbound,"",1,348438,9740,
3379,1886,2,Westbound,"",0,348438,9742,
338,1895,1,Southbound,"",0,348404,10197,
3380,1886,2,Eastbound,"",1,348438,4083,
3381,1852,2,Eastbound,"",0,348438,4032,
3382,1852,2,Westbound,"",1,348438,9740,
3383,1886,2,Westbound,"",0,348438,9742,
3384,1886,2,Eastbound,"",1,348438,4083,
3385,1848,2,Westbound,"",1,348434,6997,
3386,1813,2,Northbound,"",0,348434,3930,
3387,1848,2,Westbound,"",1,348434,6997,
3388,1813,2,Northbound,"",0,348434,3930,
3389,1848,2,Westbound,"",1,348434,6997,
339,1895,1,Northbound,"",1,348404,13871,
3390,1813,2,Northbound,"",0,348434,3930,
3391,1848,2,Westbound,"",1,348434,6997,
3392,1813,2,Northbound,"",0,348434,3930,
3393,1848,2,Westbound,"",1,348434,6997,
3394,1813,2,Northbound,"",0,348434,3930,
3395,1848,2,Westbound,"",1,348434,6997,
3396,1813,2,Northbound,"",0,348434,3930,
3397,1848,2,Westbound,"",1,348434,6997,
3398,1813,2,Northbound,"",0,348434,3930,
3399,1848,2,Westbound,"",1,348434,6997,
340,1895,1,Southbound,"",0,348404,10197,
3400,1813,2,Northbound,"",0,348434,3930,
3401,1848,2,Westbound,"",1,348434,6997,
3402,1813,2,Northbound,"",0,348434,3930,
3403,1848,2,Eastbound,"",0,348446,9806,
3404,1813,2,Southbound,"",1,348446,6568,
3405,1848,2,Eastbound,"",0,348446,9806,
3406,1813,2,Southbound,"",1,348446,6568,
3407,1848,2,Eastbound,"",0,348446,9806,
3408,1813,2,Southbound,"",1,348446,6568,
3409,1848,2,Eastbound,"",0,348446,9806,
341,1895,1,Northbound,"",1,348404,13871,
3410,1813,2,Southbound,"",1,348446,6568,
3411,1848,2,Eastbound,"",0,348446,9806,
3412,1813,2,Southbound,"",1,348446,6568,
3413,1848,2,Eastbound,"",0,348446,9806,
3414,1813,2,Southbound,"",1,348446,6568,
3415,1848,2,Eastbound,"",0,348446,9806,
3416,1813,2,Southbound,"",1,348446,6568,
3417,1848,2,Eastbound,"",0,348446,9806,
3418,1813,2,Southbound,"",1,348446,6568,
3419,1848,2,Eastbound,"",0,348446,9806,
342,1895,1,Southbound,"",0,348404,10197,
3420,1813,2,Southbound,"",1,348446,6568,
3421,1852,2,Eastbound,"",0,348443,4032,
3422,1852,2,Westbound,"",1,348443,9740,
3423,1886,2,Westbound,"",0,348443,9742,
3424,1886,2,Eastbound,"",1,348443,4083,
3425,1852,2,Eastbound,"",0,348443,4032,
3426,1852,2,Westbound,"",1,348443,9740,
3427,1886,2,Westbound,"",0,348443,9742,
3428,1886,2,Eastbound,"",1,348443,4083,
3429,1852,2,Eastbound,"",0,348443,4032,
343,1895,1,Northbound,"",1,348404,13871,
3430,1852,2,Westbound,"",1,348443,9740,
3431,1886,2,Westbound,"",0,348443,9742,
3432,1886,2,Eastbound,"",1,348443,4083,
3433,1852,2,Eastbound,"",0,348443,4032,
3434,1852,2,Westbound,"",1,348443,9740,
3435,1886,2,Westbound,"",0,348443,9742,
3436,1886,2,Eastbound,"",1,348443,4083,
3437,1852,2,Eastbound,"",0,348443,4032,
3438,1852,2,Westbound,"",1,348443,9740,
3439,1816,2,Westbound/Clockwise,"",0,348428,20686,
344,1895,1,Southbound,"",0,348404,10197,
3440,1816,2,Eastbound/Counter-Clockwise,"",0,348428,20687,
3441,1816,2,Westbound/Clockwise,"",0,348428,20686,
3442,1816,2,Eastbound/Counter-Clockwise,"",0,348428,20687,
3443,1816,2,Westbound/Clockwise,"",0,348428,20686,
3444,1816,2,Eastbound/Counter-Clockwise,"",0,348428,20687,
3445,1816,2,Westbound/Clockwise,"",0,348428,20686,
3446,1816,2,Eastbound/Counter-Clockwise,"",0,348428,20687,
3447,1816,2,Westbound/Clockwise,"",0,348428,20686,
3448,1816,2,Eastbound/Counter-Clockwise,"",0,348428,20687,
3449,1816,2,Westbound/Clockwise,"",0,348428,20686,
345,1895,1,Northbound,"",1,348404,13871,
3450,1816,2,Eastbound/Counter-Clockwise,"",0,348428,20687,
3451,1816,2,Westbound/Clockwise,"",0,348428,20686,
3452,1816,2,Eastbound/Counter-Clockwise,"",0,348428,20687,
3453,1816,2,Westbound/Clockwise,"",0,348428,20686,
3454,1816,2,Eastbound/Counter-Clockwise,"",0,348428,20687,
3455,1816,2,Westbound/Clockwise,"",0,348428,20686,
3456,1816,2,Eastbound/Counter-Clockwise,"",0,348428,20687,
3457,1816,2,Westbound/Clockwise,"",0,348428,20686,
3458,1816,2,Eastbound/Counter-Clockwise,"",0,348428,20687,
3459,5861,2,Sapphire to DT Bloom,"",1,348429,20052,
346,1895,1,Southbound,"",0,348404,10197,
3460,5861,2,Sapphire to UT Normal,"",0,348429,20369,
3461,5861,2,Sapphire to DT Bloom,"",1,348429,20052,
3462,5861,2,Sapphire to UT Normal,"",0,348429,20369,
3463,5861,2,Sapphire to DT Bloom,"",1,348429,20052,
3464,5861,2,Sapphire to UT Normal,"",0,348429,20369,
3465,5861,2,Sapphire to DT Bloom,"",1,348429,20052,
3466,5861,2,Sapphire to UT Normal,"",0,348429,20369,
3467,5861,2,Sapphire to DT Bloom,"",1,348429,20052,
3468,5861,2,Sapphire to UT Normal,"",0,348429,20369,
3469,5861,2,Sapphire to UT Normal,"",0,348441,20369,
347,1895,1,Northbound,"",1,348404,13871,
3470,5861,2,Sapphire to DT Bloom,"",1,348441,20052,
3471,5861,2,Sapphire to UT Normal,"",0,348441,20369,
3472,5861,2,Sapphire to DT Bloom,"",1,348441,20052,
3473,5861,2,Sapphire to UT Normal,"",0,348441,20369,
3474,5861,2,Sapphire to DT Bloom,"",1,348441,20052,
3475,5861,2,Sapphire to UT Normal,"",0,348441,20369,
3476,5861,2,Sapphire to DT Bloom,"",1,348441,20052,
3477,5861,2,Sapphire to UT Normal,"",0,348441,20369,
3478,5861,2,Sapphire to DT Bloom,"",1,348441,20052,
3479,2701,2,Eastbound,"",1,348440,6304,
348,1895,1,Southbound,"",0,348404,10197,
3480,2701,2,Westbound,"",0,348440,11407,
3481,2701,2,Eastbound,"",1,348440,6304,
3482,2701,2,Westbound,"",0,348440,11407,
3483,2701,2,Eastbound,"",1,348440,6304,
3484,2701,2,Westbound,"",0,348440,11407,
3485,2701,2,Eastbound,"",1,348440,6304,
3486,2701,2,Westbound,"",0,348440,11407,
3487,2701,2,Eastbound,"",1,348440,6304,
3488,2701,2,Westbound,"",0,348440,11407,
3489,2701,2,Eastbound,"",1,348440,6304,
349,1895,1,Northbound,"",1,348404,13871,
3490,2701,2,Westbound,"",0,348440,11407,
3491,2701,2,Eastbound,"",1,348440,6304,
3492,2701,2,Westbound,"",0,348440,11407,
3493,2701,2,Eastbound,"",1,348440,6304,
3494,2701,2,Westbound,"",0,348440,11407,
3495,2701,2,Eastbound,"",1,348440,6304,
3496,2701,2,Westbound,"",0,348440,11407,
3497,2701,2,Eastbound,"",1,348440,6304,
3498,2701,2,Westbound,"",0,348440,11407,
3499,1897,2,Outbound,"",0,348431,12678,
350,1895,1,Southbound,"",0,348404,10197,
3500,1897,2,Southbound,"",1,348431,14141,
3501,1897,2,Outbound,"",0,348431,12678,
3502,1897,2,Southbound,"",1,348431,14141,
3503,1897,2,Outbound,"",0,348431,12678,
3504,1897,2,Southbound,"",1,348431,14141,
3505,1897,2,Outbound,"",0,348431,12678,
3506,1897,2,Southbound,"",1,348431,14141,
3507,1897,2,Outbound,"",0,348431,12678,
3508,1897,2,Southbound,"",1,348431,14141,
3509,1897,2,Outbound,"",0,348431,12678,
351,1895,1,Northbound,"",1,348404,13871,
3510,1897,2,Southbound,"",1,348431,14141,
3511,1897,2,Outbound,"",0,348431,12678,
3512,1897,2,Southbound,"",1,348431,14141,
3513,1851,2,Northbound,"",0,348431,4030,
3514,1851,2,Southbound,"",1,348431,14118,
3515,1897,2,Outbound,"",0,348431,12678,
3516,1897,2,Southbound,"",1,348431,14141,
3517,1851,2,Northbound,"",0,348431,4030,
3518,1851,2,Southbound,"",1,348431,14118,
3519,1897,2,Outbound,"",0,348431,12678,
352,1895,1,Southbound,"",0,348404,10197,
3520,1897,2,Southbound,"",1,348431,14141,
3521,1851,2,Northbound,"",0,348431,4030,
3522,1851,2,Southbound,"",1,348431,14118,
3523,1897,2,Outbound,"",0,348431,12678,
3524,1897,2,Southbound,"",1,348431,14141,
3525,1851,2,Northbound,"",0,348431,4030,
3526,1851,2,Southbound,"",1,348431,14118,
3527,1897,2,Outbound,"",0,348431,12678,
3528,1897,2,Southbound,"",1,348431,14141,
3529,1851,2,Northbound,"",0,348431,4030,
353,1895,1,Northbound,"",1,348404,13871,
3530,1851,2,Southbound,"",1,348431,14118,
3531,1897,2,Outbound,"",0,348431,12678,
3532,1897,2,Southbound,"",1,348431,14141,
3533,1851,2,Northbound,"",0,348431,4030,
3534,1851,2,Southbound,"",1,348431,14118,
3535,1897,2,Outbound,"",0,348431,12678,
3536,1897,2,Southbound,"",1,348431,14141,
3537,1851,2,Northbound,"",0,348431,4030,
3538,1851,2,Southbound,"",1,348431,14118,
3539,1897,2,Outbound,"",0,348431,12678,
354,1895,1,Southbound,"",0,348404,10197,
3540,1897,2,Southbound,"",1,348431,14141,
3541,1851,2,Northbound,"",0,348431,4030,
3542,1851,2,Southbound,"",1,348431,14118,
3543,1897,2,Outbound,"",0,348431,12678,
3544,1897,2,Southbound,"",1,348431,14141,
3545,1851,2,Northbound,"",0,348431,4030,
3546,1851,2,Southbound,"",1,348431,14118,
3547,1897,2,Outbound,"",0,348431,12678,
3548,1897,2,Southbound,"",1,348431,14141,
3549,1851,2,Northbound,"",0,348431,4030,
355,1895,1,Northbound,"",1,348404,13871,
3550,1851,2,Southbound,"",1,348431,14118,
3551,1849,2,Southbound,"",0,348437,4027,
3552,1849,2,Northbound,"",1,348437,4026,
3553,1849,2,Southbound,"",0,348437,4027,
3554,1849,2,Northbound,"",1,348437,4026,
3555,1849,2,Southbound,"",0,348437,4027,
3556,1849,2,Northbound,"",1,348437,4026,
3557,1849,2,Southbound,"",0,348437,4027,
3558,1849,2,Northbound,"",1,348437,4026,
3559,1849,2,Southbound,"",0,348437,4027,
356,1895,1,Southbound,"",0,348421,10197,
3560,1849,2,Northbound,"",1,348437,4026,
3561,1849,2,Southbound,"",0,348437,4027,
3562,1849,2,Northbound,"",1,348437,4026,
3563,1849,2,Southbound,"",0,348437,4027,
3564,1849,2,Northbound,"",1,348437,4026,
3565,1849,2,Southbound,"",0,348437,4027,
3566,1849,2,Northbound,"",1,348437,4026,
3567,1849,2,Southbound,"",0,348437,4027,
3568,1849,2,Northbound,"",1,348437,4026,
3569,1849,2,Southbound,"",0,348437,4027,
357,1895,1,Northbound,"",1,348421,13871,
3570,1849,2,Northbound,"",1,348437,4026,
3571,1849,2,Southbound,"",0,348437,4027,
3572,1849,2,Northbound,"",1,348437,4026,
3573,1849,2,Southbound,"",0,348437,4027,
3574,1849,2,Northbound,"",1,348437,4026,
3575,1815,2,Southbound,"",0,348437,11401,
3576,1815,2,Northbound,"",1,348437,6552,
3577,1849,2,Southbound,"",0,348437,4027,
3578,1849,2,Northbound,"",1,348437,4026,
3579,1815,2,Southbound,"",0,348437,11401,
358,1895,1,Southbound,"",0,348421,10197,
3580,1815,2,Northbound,"",1,348437,6552,
3581,1849,2,Southbound,"",0,348437,4027,
3582,1849,2,Northbound,"",1,348437,4026,
3583,1815,2,Southbound,"",0,348437,11401,
3584,1815,2,Northbound,"",1,348437,6552,
3585,1849,2,Southbound,"",0,348437,4027,
3586,1849,2,Northbound,"",1,348437,4026,
3587,1815,2,Southbound,"",0,348437,11401,
3588,1815,2,Northbound,"",1,348437,6552,
3589,1849,2,Southbound,"",0,348437,4027,
359,1895,1,Northbound,"",1,348421,13871,
3590,1849,2,Northbound,"",1,348437,4026,
3591,1815,2,Southbound,"",0,348437,11401,
3592,1815,2,Northbound,"",1,348437,6552,
3593,1849,2,Southbound,"",0,348437,4027,
3594,1849,2,Northbound,"",1,348437,4026,
3595,1815,2,Southbound,"",0,348437,11401,
3596,1815,2,Northbound,"",1,348437,6552,
3597,1849,2,Southbound,"",0,348437,4027,
3598,1849,2,Northbound,"",1,348437,4026,
3599,1815,2,Southbound,"",0,348437,11401,
360,1895,1,Southbound,"",0,348421,10197,
3600,1815,2,Northbound,"",1,348437,6552,
3601,1849,2,Southbound,"",0,348437,4027,
3602,1849,2,Northbound,"",1,348437,4026,
3603,1815,2,Southbound,"",0,348437,11401,
3604,1815,2,Northbound,"",1,348437,6552,
3605,1849,2,Southbound,"",0,348437,4027,
3606,1849,2,Northbound,"",1,348437,4026,
3607,1815,2,Southbound,"",0,348437,11401,
3608,1815,2,Northbound,"",1,348437,6552,
3609,1849,2,Southbound,"",0,348437,4027,
361,1895,1,Northbound,"",1,348421,13871,
3610,1849,2,Northbound,"",1,348437,4026,
3611,1849,2,Southbound,"",0,348437,4027,
3612,1849,2,Northbound,"",1,348437,4026,
3613,1849,2,Southbound,"",0,348437,4027,
3614,1849,2,Northbound,"",1,348437,4026,
3615,1849,2,Southbound,"",0,348437,4027,
3616,1849,2,Northbound,"",1,348437,4026,
3617,1885,2,Southbound,"",0,348433,6159,
3618,1885,2,Northbound,"",1,348433,6161,
3619,1885,2,Southbound,"",0,348433,6159,
362,1895,1,Southbound,"",0,348421,10197,
3620,1885,2,Northbound,"",1,348433,6161,
3621,1885,2,Southbound,"",0,348433,6159,
3622,1885,2,Northbound,"",1,348433,6161,
3623,1885,2,Southbound,"",0,348433,6159,
3624,1885,2,Northbound,"",1,348433,6161,
3625,1885,2,Southbound,"",0,348433,6159,
3626,1885,2,Northbound,"",1,348433,6161,
3627,1885,2,Southbound,"",0,348433,6159,
3628,1885,2,Northbound,"",1,348433,6161,
3629,1885,2,Southbound,"",0,348433,6159,
363,1895,1,Northbound,"",1,348421,13871,
3630,1885,2,Northbound,"",1,348433,6161,
3631,1885,2,Southbound,"",0,348433,6159,
3632,1885,2,Northbound,"",1,348433,6161,
3633,1885,2,Southbound,"",0,348433,6159,
3634,1885,2,Northbound,"",1,348433,6161,
3635,1885,2,Southbound,"",0,348433,6159,
3636,1885,2,Northbound,"",1,348433,6161,
3637,1885,2,Southbound,"",0,348433,6159,
3638,1885,2,Northbound,"",1,348433,6161,
3639,1885,2,Southbound,"",0,348433,6159,
364,1895,1,Southbound,"",0,348421,10197,
3640,1885,2,Northbound,"",1,348433,6161,
3641,1885,2,Southbound,"",0,348433,6159,
3642,1885,2,Northbound,"",1,348433,6161,
3643,1885,2,Southbound,"",0,348433,6159,
3644,1885,2,Northbound,"",1,348433,6161,
3645,1885,2,Southbound,"",0,348433,6159,
3646,1885,2,Northbound,"",1,348433,6161,
3647,1885,2,Southbound,"",0,348433,6159,
3648,1885,2,Northbound,"",1,348433,6161,
3649,1885,2,Southbound,"",0,348433,6159,
365,1895,1,Northbound,"",1,348421,13871,
3650,1885,2,Northbound,"",1,348433,6161,
3651,1885,2,Southbound,"",0,348433,6159,
3652,1885,2,Northbound,"",1,348433,6161,
3653,1885,2,Southbound,"",0,348433,6159,
3654,1885,2,Northbound,"",1,348433,6161,
3655,1885,2,Southbound,"",0,348433,6159,
3656,1885,2,Northbound,"",1,348433,6161,
3657,1885,2,Southbound,"",0,348433,6159,
3658,1885,2,Northbound,"",1,348433,6161,
3659,1885,2,Southbound,"",0,348433,6159,
366,1895,1,Southbound,"",0,348421,10197,
3660,1885,2,Northbound,"",1,348433,6161,
3661,1885,2,Southbound,"",0,348433,6159,
3662,1885,2,Northbound,"",1,348433,6161,
3663,1885,2,Southbound,"",0,348433,6159,
3664,1885,2,Northbound,"",1,348433,6161,
3665,1885,2,Southbound,"",0,348433,6159,
3666,1885,2,Northbound,"",1,348433,6161,
3667,1885,2,Southbound,"",0,348433,6159,
3668,1885,2,Northbound,"",1,348433,6161,
3669,1885,2,Southbound,"",0,348433,6159,
367,1895,1,Northbound,"",1,348421,13871,
3670,1885,2,Northbound,"",1,348433,6161,
3671,1885,2,Southbound,"",0,348433,6159,
3672,1885,2,Northbound,"",1,348433,6161,
3673,1885,2,Southbound,"",0,348433,6159,
3674,1814,2,Southbound,"",1,348427,5780,
3675,1814,2,Northbound,"",0,348427,7151,
3676,1814,2,Southbound,"",1,348427,5780,
3677,1814,2,Northbound,"",0,348427,7151,
3678,1814,2,Southbound,"",1,348427,5780,
3679,1814,2,Northbound,"",0,348427,7151,
368,1895,1,Southbound,"",0,348421,10197,
3680,1814,2,Southbound,"",1,348427,5780,
3681,1814,2,Northbound,"",0,348427,7151,
3682,1814,2,Southbound,"",1,348427,5780,
3683,1814,2,Northbound,"",0,348427,7151,
3684,1814,2,Southbound,"",1,348427,5780,
3685,1814,2,Northbound,"",0,348427,7151,
3686,1814,2,Southbound,"",1,348427,5780,
3687,1814,2,Northbound,"",0,348427,7151,
3688,1814,2,Southbound,"",1,348427,5780,
3689,1814,2,Northbound,"",0,348427,7151,
369,1895,1,Northbound,"",1,348421,13871,
3690,1814,2,Southbound,"",1,348427,5780,
3691,1814,2,Northbound,"",0,348427,7151,
3692,1814,2,Southbound,"",1,348436,5780,
3693,1814,2,Northbound,"",0,348436,7151,
3694,1814,2,Southbound,"",1,348436,5780,
3695,1814,2,Northbound,"",0,348436,7151,
3696,1814,2,Southbound,"",1,348436,5780,
3697,1814,2,Northbound,"",0,348436,7151,
3698,1814,2,Southbound,"",1,348436,5780,
3699,1814,2,Northbound,"",0,348436,7151,
370,1895,1,Southbound,"",0,348421,10197,
3700,1814,2,Southbound,"",1,348436,5780,
3701,1814,2,Northbound,"",0,348436,7151,
3702,1814,2,Southbound,"",1,348436,5780,
3703,1814,2,Northbound,"",0,348436,7151,
3704,1814,2,Southbound,"",1,348436,5780,
3705,1814,2,Northbound,"",0,348436,7151,
3706,1814,2,Southbound,"",1,348436,5780,
3707,1814,2,Northbound,"",0,348436,7151,
3708,1814,2,Southbound,"",1,348442,5780,
3709,1814,2,Northbound,"",0,348442,7151,
371,1895,1,Northbound,"",1,348421,13871,
3710,1814,2,Southbound,"",1,348442,5780,
3711,1814,2,Northbound,"",0,348442,7151,
3712,1814,2,Southbound,"",1,348442,5780,
3713,1814,2,Northbound,"",0,348442,7151,
3714,1814,2,Southbound,"",1,348442,5780,
3715,1814,2,Northbound,"",0,348442,7151,
3716,1814,2,Southbound,"",1,348442,5780,
3717,1814,2,Northbound,"",0,348442,7151,
3718,1814,2,Southbound,"",1,348442,5780,
3719,1814,2,Northbound,"",0,348442,7151,
372,1895,1,Southbound,"",0,348421,10197,
3720,1814,2,Southbound,"",1,348442,5780,
3721,1814,2,Northbound,"",0,348442,7151,
3722,1814,2,Southbound,"",1,348442,5780,
3723,1814,2,Northbound,"",0,348442,7151,
3724,1847,2,1600's only,"",0,348435,4023,
3725,1847,2,1600's only,"",0,348435,4023,
3726,1847,2,1600's only,"",0,348435,4023,
3727,1847,2,1600's only,"",0,348435,4023,
3728,1847,2,1600's only,"",0,348435,4023,
3729,1847,2,1600's only,"",0,348435,4023,
373,1895,1,Northbound,"",1,348421,13871,
3730,1847,2,1600's only,"",0,348435,4023,
3731,1847,2,1600's only,"",0,348435,4023,
3732,1847,2,1600's only,"",0,348435,4023,
3733,1847,2,1600's only,"",0,348435,4023,
3734,1847,2,1600's only,"",0,348435,4023,
3735,1847,2,1600's only,"",0,348435,4023,
3736,1847,2,1600's only,"",0,348435,4023,
3737,1847,2,1600's only,"",0,348435,4023,
3738,1847,2,1600's only,"",0,348435,4023,
3739,1847,2,1600's only,"",0,348435,4023,
374,1895,1,Southbound,"",0,348421,10197,
3740,1847,2,1600's only,"",0,348435,4023,
3741,1847,2,1600's only,"",0,348435,4023,
3742,1847,2,1600's only,"",0,348435,4023,
3743,1847,2,1600's only,"",0,348435,4023,
3744,1847,2,1600's only,"",0,348435,4023,
3745,1847,2,1600's only,"",0,348435,4023,
3746,1847,2,1600's only,"",0,348435,4023,
3747,1847,2,1600's only,"",0,348435,4023,
3748,1847,2,1600's only,"",0,348435,4023,
3749,1847,2,1600's only,"",0,348435,4023,
375,1895,1,Northbound,"",1,348421,13871,
3750,1847,2,1600's only,"",0,348435,4023,
3751,1847,2,1600's only,"",0,348435,4023,
3752,1847,2,1600's only,"",0,348435,4023,
3753,1847,2,1600's only,"",0,348435,4023,
3754,1847,2,1600's only,"",0,348435,4023,
3755,1847,2,1600's only,"",0,348435,4023,
3756,1847,2,1600's only,"",0,348435,4023,
3757,1847,2,1600's only,"",0,348435,4023,
3758,1847,2,1600's only,"",0,348435,4023,
3759,1847,2,1600's only,"",0,348435,4023,
376,1895,1,Southbound,"",0,348421,10197,
3760,1847,2,1600's only,"",0,348435,4023,
3761,1847,2,1600's only,"",0,348435,4023,
3762,1847,2,1600's only,"",0,348435,4023,
3763,1847,2,1600's only,"",0,348435,4023,
3764,1847,2,1600's only,"",0,348435,4023,
3765,1847,2,1600's only,"",0,348435,4023,
3766,5861,2,Sapphire to UT Normal,"",0,348439,20369,
3767,5861,2,Sapphire to DT Bloom,"",1,348439,20052,
3768,5861,2,Sapphire to UT Normal,"",0,348439,20369,
3769,5861,2,Sapphire to DT Bloom,"",1,348439,20052,
377,1895,1,Northbound,"",1,348421,13871,
3770,5861,2,Sapphire to UT Normal,"",0,348439,20369,
3771,5861,2,Sapphire to DT Bloom,"",1,348447,20052,
3772,5861,2,Sapphire to UT Normal,"",0,348447,20369,
3773,5861,2,Sapphire to DT Bloom,"",1,348447,20052,
3774,5861,2,Sapphire to UT Normal,"",0,348447,20369,
3775,5861,2,Sapphire to DT Bloom,"",1,348447,20052,
3776,1895,2,Northbound,"",1,348444,13871,
3777,1895,2,Southbound,"",0,348444,10197,
3778,1895,2,Northbound,"",1,348444,13871,
3779,1895,2,Southbound,"",0,348444,10197,
378,1895,1,Southbound,"",0,348421,10197,
3780,1895,2,Northbound,"",1,348444,13871,
3781,1895,2,Southbound,"",0,348444,10197,
3782,1895,2,Northbound,"",1,348444,13871,
3783,1895,2,Southbound,"",0,348444,10197,
3784,1895,2,Northbound,"",1,348444,13871,
3785,1895,2,Southbound,"",0,348444,10197,
3786,1895,2,Northbound,"",1,348444,13871,
3787,1895,2,Southbound,"",0,348426,10197,
3788,1895,2,Northbound,"",1,348426,13871,
3789,1895,2,Southbound,"",0,348426,10197,
379,1848,1,Eastbound,"",0,348399,9806,
3790,1895,2,Northbound,"",1,348426,13871,
3791,1895,2,Southbound,"",0,348426,10197,
3792,1895,2,Northbound,"",1,348426,13871,
3793,1895,2,Southbound,"",0,348426,10197,
3794,1895,2,Northbound,"",1,348426,13871,
3795,1895,2,Southbound,"",0,348426,10197,
3796,1895,2,Northbound,"",1,348426,13871,
3797,1895,2,Southbound,"",0,348426,10197,
3798,1895,2,Northbound,"",1,348426,13871,
3799,1895,2,Northbound,"",1,348445,13871,
380,1813,1,Southbound,"",1,348399,6568,
3800,1895,2,Southbound,"",0,348445,10197,
3801,1895,2,Northbound,"",1,348445,13871,
3802,1895,2,Southbound,"",0,348445,10197,
3803,1895,2,Northbound,"",1,348445,13871,
3804,1895,2,Southbound,"",0,348445,10197,
381,1848,1,Eastbound,"",0,348399,9806,
382,1813,1,Southbound,"",1,348399,6568,
383,1848,1,Eastbound,"",0,348399,9806,
384,1813,1,Southbound,"",1,348399,6568,
385,1848,1,Eastbound,"",0,348399,9806,
386,1813,1,Southbound,"",1,348399,6568,
387,1848,1,Eastbound,"",0,348399,9806,
388,1813,1,Southbound,"",1,348399,6568,
389,1848,1,Eastbound,"",0,348399,9806,
390,1813,1,Southbound,"",1,348399,6568,
391,1848,1,Eastbound,"",0,348399,9806,
392,1813,1,Southbound,"",1,348399,6568,
393,1848,1,Eastbound,"",0,348399,9806,
394,1813,1,Southbound,"",1,348399,6568,
395,1848,1,Eastbound,"",0,348399,9806,
396,1813,1,Southbound,"",1,348399,6568,
397,1848,1,Eastbound,"",0,348399,9806,
398,1813,1,Southbound,"",1,348399,6568,
399,1848,1,Eastbound,"",0,348399,9806,
4,2701,1,Westbound,"",0,348403,11407,
400,1813,1,Southbound,"",1,348399,6568,
401,1848,1,Eastbound,"",0,348399,9806,
402,1813,1,Southbound,"",1,348399,6568,
403,1848,1,Eastbound,"",0,348399,9806,
404,1813,1,Southbound,"",1,348399,6568,
405,1848,1,Eastbound,"",0,348399,9806,
406,1813,1,Southbound,"",1,348399,6568,
407,1848,1,Eastbound,"",0,348399,9806,
408,1813,1,Southbound,"",1,348399,6568,
4086,1849,3,Southbound,"",0,348459,4027,
4087,1849,3,Northbound,"",1,348459,4026,
4088,1849,3,Southbound,"",0,348459,4027,
4089,1849,3,Northbound,"",1,348459,4026,
409,1813,1,Northbound,"",0,348406,3930,
4090,1849,3,Southbound,"",0,348459,4027,
4091,1849,3,Northbound,"",1,348459,4026,
4092,1849,3,Southbound,"",0,348459,4027,
4093,1849,3,Northbound,"",1,348459,4026,
4094,1849,3,Southbound,"",0,348459,4027,
4095,1849,3,Northbound,"",1,348459,4026,
4096,1849,3,Southbound,"",0,348459,4027,
4097,1849,3,Northbound,"",1,348459,4026,
4098,1849,3,Southbound,"",0,348459,4027,
4099,1849,3,Northbound,"",1,348459,4026,
410,1848,1,Westbound,"",1,348406,6997,
4100,1849,3,Southbound,"",0,348459,4027,
4101,1849,3,Northbound,"",1,348459,4026,
4102,1849,3,Southbound,"",0,348459,4027,
4103,1849,3,Northbound,"",1,348459,4026,
4104,1849,3,Southbound,"",0,348459,4027,
4105,1849,3,Northbound,"",1,348459,4026,
4106,1849,3,Southbound,"",0,348459,4027,
4107,1849,3,Northbound,"",1,348459,4026,
4108,1849,3,Southbound,"",0,348459,4027,
4109,1849,3,Northbound,"",1,348459,4026,
411,1813,1,Northbound,"",0,348406,3930,
4110,1815,3,Southbound,"",0,348459,11401,
4111,1815,3,Northbound,"",1,348459,6552,
4112,1849,3,Southbound,"",0,348459,4027,
4113,1849,3,Northbound,"",1,348459,4026,
4114,1815,3,Southbound,"",0,348459,11401,
4115,1815,3,Northbound,"",1,348459,6552,
4116,1849,3,Southbound,"",0,348459,4027,
4117,1849,3,Northbound,"",1,348459,4026,
4118,1815,3,Southbound,"",0,348459,11401,
4119,1815,3,Northbound,"",1,348459,6552,
412,1848,1,Westbound,"",1,348406,6997,
4120,1849,3,Southbound,"",0,348459,4027,
4121,1849,3,Northbound,"",1,348459,4026,
4122,1815,3,Southbound,"",0,348459,11401,
4123,1815,3,Northbound,"",1,348459,6552,
4124,1849,3,Southbound,"",0,348459,4027,
4125,1849,3,Northbound,"",1,348459,4026,
4126,1815,3,Southbound,"",0,348459,11401,
4127,1815,3,Northbound,"",1,348459,6552,
4128,1849,3,Southbound,"",0,348459,4027,
4129,1849,3,Northbound,"",1,348459,4026,
413,1813,1,Northbound,"",0,348406,3930,
4130,1815,3,Southbound,"",0,348459,11401,
4131,1815,3,Northbound,"",1,348459,6552,
4132,1849,3,Southbound,"",0,348459,4027,
4133,1849,3,Northbound,"",1,348459,4026,
4134,1815,3,Southbound,"",0,348459,11401,
4135,1815,3,Northbound,"",1,348459,6552,
4136,1849,3,Southbound,"",0,348459,4027,
4137,1849,3,Northbound,"",1,348459,4026,
4138,1815,3,Southbound,"",0,348459,11401,
4139,1815,3,Northbound,"",1,348459,6552,
414,1848,1,Westbound,"",1,348406,6997,
4140,1849,3,Southbound,"",0,348459,4027,
4141,1849,3,Northbound,"",1,348459,4026,
4142,1815,3,Southbound,"",0,348459,11401,
4143,1815,3,Northbound,"",1,348459,6552,
4144,1849,3,Southbound,"",0,348459,4027,
4145,1849,3,Northbound,"",1,348459,4026,
4146,1848,3,Eastbound,"",0,348468,9806,
4147,1813,3,Southbound,"",1,348468,6568,
4148,1848,3,Eastbound,"",0,348468,9806,
4149,1813,3,Southbound,"",1,348468,6568,
415,1813,1,Northbound,"",0,348406,3930,
4150,1848,3,Eastbound,"",0,348468,9806,
4151,1813,3,Southbound,"",1,348468,6568,
4152,1848,3,Eastbound,"",0,348468,9806,
4153,1813,3,Southbound,"",1,348468,6568,
4154,1848,3,Eastbound,"",0,348468,9806,
4155,1813,3,Southbound,"",1,348468,6568,
4156,1848,3,Eastbound,"",0,348468,9806,
4157,1813,3,Southbound,"",1,348468,6568,
4158,1848,3,Eastbound,"",0,348468,9806,
4159,1813,3,Southbound,"",1,348468,6568,
416,1848,1,Westbound,"",1,348406,6997,
4160,1848,3,Eastbound,"",0,348468,9806,
4161,1813,3,Southbound,"",1,348468,6568,
4162,1848,3,Eastbound,"",0,348468,9806,
4163,1813,3,Southbound,"",1,348468,6568,
4164,1848,3,Westbound,"",1,348458,6997,
4165,1813,3,Northbound,"",0,348458,3930,
4166,1848,3,Westbound,"",1,348458,6997,
4167,1813,3,Northbound,"",0,348458,3930,
4168,1848,3,Westbound,"",1,348458,6997,
4169,1813,3,Northbound,"",0,348458,3930,
417,1813,1,Northbound,"",0,348406,3930,
4170,1848,3,Westbound,"",1,348458,6997,
4171,1813,3,Northbound,"",0,348458,3930,
4172,1848,3,Westbound,"",1,348458,6997,
4173,1813,3,Northbound,"",0,348458,3930,
4174,1848,3,Westbound,"",1,348458,6997,
4175,1813,3,Northbound,"",0,348458,3930,
4176,1848,3,Westbound,"",1,348458,6997,
4177,1813,3,Northbound,"",0,348458,3930,
4178,1848,3,Westbound,"",1,348458,6997,
4179,1813,3,Northbound,"",0,348458,3930,
418,1848,1,Westbound,"",1,348406,6997,
4180,1848,3,Westbound,"",1,348458,6997,
4181,1813,3,Northbound,"",0,348458,3930,
4182,1852,3,Eastbound,"",0,348465,4032,
4183,1852,3,Westbound,"",1,348465,9740,
4184,1886,3,Westbound,"",0,348465,9742,
4185,1886,3,Eastbound,"",1,348465,4083,
4186,1852,3,Eastbound,"",0,348465,4032,
4187,1852,3,Westbound,"",1,348465,9740,
4188,1886,3,Westbound,"",0,348465,9742,
4189,1886,3,Eastbound,"",1,348465,4083,
419,1813,1,Northbound,"",0,348406,3930,
4190,1852,3,Eastbound,"",0,348465,4032,
4191,1852,3,Westbound,"",1,348465,9740,
4192,1886,3,Westbound,"",0,348465,9742,
4193,1886,3,Eastbound,"",1,348465,4083,
4194,1852,3,Eastbound,"",0,348465,4032,
4195,1852,3,Westbound,"",1,348465,9740,
4196,1886,3,Westbound,"",0,348465,9742,
4197,1886,3,Eastbound,"",1,348465,4083,
4198,1852,3,Eastbound,"",0,348465,4032,
4199,1852,3,Westbound,"",1,348465,9740,
420,1848,1,Westbound,"",1,348406,6997,
4200,1886,3,Westbound,"",0,348460,9742,
4201,1886,3,Eastbound,"",1,348460,4083,
4202,1852,3,Eastbound,"",0,348460,4032,
4203,1852,3,Westbound,"",1,348460,9740,
4204,1886,3,Westbound,"",0,348460,9742,
4205,1886,3,Eastbound,"",1,348460,4083,
4206,1852,3,Eastbound,"",0,348460,4032,
4207,1852,3,Westbound,"",1,348460,9740,
4208,1886,3,Westbound,"",0,348460,9742,
4209,1886,3,Eastbound,"",1,348460,4083,
421,1813,1,Northbound,"",0,348406,3930,
4210,1852,3,Eastbound,"",0,348460,4032,
4211,1852,3,Westbound,"",1,348460,9740,
4212,1886,3,Westbound,"",0,348460,9742,
4213,1886,3,Eastbound,"",1,348460,4083,
4214,1852,3,Eastbound,"",0,348460,4032,
4215,1852,3,Westbound,"",1,348460,9740,
4216,1886,3,Westbound,"",0,348460,9742,
4217,1886,3,Eastbound,"",1,348460,4083,
4218,1897,3,Outbound,"",0,348455,12678,
4219,1897,3,Southbound,"",1,348455,14141,
422,1848,1,Westbound,"",1,348406,6997,
4220,1897,3,Outbound,"",0,348455,12678,
4221,1897,3,Southbound,"",1,348455,14141,
4222,1897,3,Outbound,"",0,348455,12678,
4223,1897,3,Southbound,"",1,348455,14141,
4224,1897,3,Outbound,"",0,348455,12678,
4225,1897,3,Southbound,"",1,348455,14141,
4226,1897,3,Outbound,"",0,348455,12678,
4227,1897,3,Southbound,"",1,348455,14141,
4228,1897,3,Outbound,"",0,348455,12678,
4229,1897,3,Southbound,"",1,348455,14141,
423,1813,1,Northbound,"",0,348406,3930,
4230,1897,3,Outbound,"",0,348455,12678,
4231,1897,3,Southbound,"",1,348455,14141,
4232,1851,3,Northbound,"",0,348455,4030,
4233,1851,3,Southbound,"",1,348455,14118,
4234,1897,3,Outbound,"",0,348455,12678,
4235,1897,3,Southbound,"",1,348455,14141,
4236,1851,3,Northbound,"",0,348455,4030,
4237,1851,3,Southbound,"",1,348455,14118,
4238,1897,3,Outbound,"",0,348455,12678,
4239,1897,3,Southbound,"",1,348455,14141,
424,1848,1,Westbound,"",1,348406,6997,
4240,1851,3,Northbound,"",0,348455,4030,
4241,1851,3,Southbound,"",1,348455,14118,
4242,1897,3,Outbound,"",0,348455,12678,
4243,1897,3,Southbound,"",1,348455,14141,
4244,1851,3,Northbound,"",0,348455,4030,
4245,1851,3,Southbound,"",1,348455,14118,
4246,1897,3,Outbound,"",0,348455,12678,
4247,1897,3,Southbound,"",1,348455,14141,
4248,1851,3,Northbound,"",0,348455,4030,
4249,1851,3,Southbound,"",1,348455,14118,
425,1813,1,Northbound,"",0,348406,3930,
4250,1897,3,Outbound,"",0,348455,12678,
4251,1897,3,Southbound,"",1,348455,14141,
4252,1851,3,Northbound,"",0,348455,4030,
4253,1851,3,Southbound,"",1,348455,14118,
4254,1897,3,Outbound,"",0,348455,12678,
4255,1897,3,Southbound,"",1,348455,14141,
4256,1851,3,Northbound,"",0,348455,4030,
4257,1851,3,Southbound,"",1,348455,14118,
4258,1897,3,Outbound,"",0,348455,12678,
4259,1897,3,Southbound,"",1,348455,14141,
426,1848,1,Westbound,"",1,348406,6997,
4260,1851,3,Northbound,"",0,348455,4030,
4261,1851,3,Southbound,"",1,348455,14118,
4262,1897,3,Outbound,"",0,348455,12678,
4263,1897,3,Southbound,"",1,348455,14141,
4264,1851,3,Northbound,"",0,348455,4030,
4265,1851,3,Southbound,"",1,348455,14118,
4266,1897,3,Outbound,"",0,348455,12678,
4267,1897,3,Southbound,"",1,348455,14141,
4268,1851,3,Northbound,"",0,348455,4030,
4269,1851,3,Southbound,"",1,348455,14118,
427,1813,1,Northbound,"",0,348406,3930,
4270,1885,3,Southbound,"",0,348457,6159,
4271,1885,3,Northbound,"",1,348457,6161,
4272,1885,3,Southbound,"",0,348457,6159,
4273,1885,3,Northbound,"",1,348457,6161,
4274,1885,3,Southbound,"",0,348457,6159,
4275,1885,3,Northbound,"",1,348457,6161,
4276,1885,3,Southbound,"",0,348457,6159,
4277,1885,3,Northbound,"",1,348457,6161,
4278,1885,3,Southbound,"",0,348457,6159,
4279,1885,3,Northbound,"",1,348457,6161,
428,1848,1,Westbound,"",1,348406,6997,
4280,1885,3,Southbound,"",0,348457,6159,
4281,1885,3,Northbound,"",1,348457,6161,
4282,1885,3,Southbound,"",0,348457,6159,
4283,1885,3,Northbound,"",1,348457,6161,
4284,1885,3,Southbound,"",0,348457,6159,
4285,1885,3,Northbound,"",1,348457,6161,
4286,1885,3,Southbound,"",0,348457,6159,
4287,1885,3,Northbound,"",1,348457,6161,
4288,1885,3,Southbound,"",0,348457,6159,
4289,1885,3,Northbound,"",1,348457,6161,
429,1813,1,Northbound,"",0,348406,3930,
4290,1885,3,Southbound,"",0,348457,6159,
4291,1885,3,Northbound,"",1,348457,6161,
4292,1885,3,Southbound,"",0,348457,6159,
4293,1885,3,Northbound,"",1,348457,6161,
4294,1885,3,Southbound,"",0,348457,6159,
4295,1885,3,Northbound,"",1,348457,6161,
4296,1885,3,Southbound,"",0,348457,6159,
4297,1885,3,Northbound,"",1,348457,6161,
4298,1885,3,Southbound,"",0,348457,6159,
4299,1885,3,Northbound,"",1,348457,6161,
430,1848,1,Westbound,"",1,348406,6997,
4300,1885,3,Southbound,"",0,348457,6159,
4301,1885,3,Northbound,"",1,348457,6161,
4302,1885,3,Southbound,"",0,348457,6159,
4303,1885,3,Northbound,"",1,348457,6161,
4304,1885,3,Southbound,"",0,348457,6159,
4305,1885,3,Northbound,"",1,348457,6161,
4306,1885,3,Southbound,"",0,348457,6159,
4307,1885,3,Northbound,"",1,348457,6161,
4308,1885,3,Southbound,"",0,348457,6159,
4309,1885,3,Northbound,"",1,348457,6161,
431,1813,1,Northbound,"",0,348406,3930,
4310,1885,3,Southbound,"",0,348457,6159,
4311,1885,3,Northbound,"",1,348457,6161,
4312,1885,3,Southbound,"",0,348457,6159,
4313,1885,3,Northbound,"",1,348457,6161,
4314,1885,3,Southbound,"",0,348457,6159,
4315,1885,3,Northbound,"",1,348457,6161,
4316,1885,3,Southbound,"",0,348457,6159,
4317,1885,3,Northbound,"",1,348457,6161,
4318,1885,3,Southbound,"",0,348457,6159,
4319,1885,3,Northbound,"",1,348457,6161,
432,1848,1,Westbound,"",1,348406,6997,
4320,1885,3,Southbound,"",0,348457,6159,
4321,1885,3,Northbound,"",1,348457,6161,
4322,1885,3,Southbound,"",0,348457,6159,
4323,1885,3,Northbound,"",1,348457,6161,
4324,2701,3,Eastbound,"",1,348462,6304,
4325,2701,3,Westbound,"",0,348462,11407,
4326,2701,3,Eastbound,"",1,348462,6304,
4327,2701,3,Westbound,"",0,348462,11407,
4328,2701,3,Eastbound,"",1,348462,6304,
4329,2701,3,Westbound,"",0,348462,11407,
433,1813,1,Northbound,"",0,348406,3930,
4330,2701,3,Eastbound,"",1,348462,6304,
4331,2701,3,Westbound,"",0,348462,11407,
4332,2701,3,Eastbound,"",1,348462,6304,
4333,2701,3,Westbound,"",0,348462,11407,
4334,2701,3,Eastbound,"",1,348462,6304,
4335,2701,3,Westbound,"",0,348462,11407,
4336,2701,3,Eastbound,"",1,348462,6304,
4337,2701,3,Westbound,"",0,348462,11407,
4338,2701,3,Eastbound,"",1,348462,6304,
4339,2701,3,Westbound,"",0,348462,11407,
434,1848,1,Westbound,"",1,348406,6997,
4340,2701,3,Eastbound,"",1,348462,6304,
4341,2701,3,Westbound,"",0,348462,11407,
4342,2701,3,Eastbound,"",1,348462,6304,
4343,2701,3,Westbound,"",0,348462,11407,
4344,1816,3,Westbound/Clockwise,"",0,348452,20686,
4345,1816,3,Eastbound/Counter-Clockwise,"",0,348452,20687,
4346,1816,3,Westbound/Clockwise,"",0,348452,20686,
4347,1816,3,Eastbound/Counter-Clockwise,"",0,348452,20687,
4348,1816,3,Westbound/Clockwise,"",0,348452,20686,
4349,1816,3,Eastbound/Counter-Clockwise,"",0,348452,20687,
435,1813,1,Northbound,"",0,348406,3930,
4350,1816,3,Westbound/Clockwise,"",0,348452,20686,
4351,1816,3,Eastbound/Counter-Clockwise,"",0,348452,20687,
4352,1816,3,Westbound/Clockwise,"",0,348452,20686,
4353,1816,3,Eastbound/Counter-Clockwise,"",0,348452,20687,
4354,1816,3,Westbound/Clockwise,"",0,348452,20686,
4355,1816,3,Eastbound/Counter-Clockwise,"",0,348452,20687,
4356,1816,3,Westbound/Clockwise,"",0,348452,20686,
4357,1816,3,Eastbound/Counter-Clockwise,"",0,348452,20687,
4358,1816,3,Westbound/Clockwise,"",0,348452,20686,
4359,1816,3,Eastbound/Counter-Clockwise,"",0,348452,20687,
436,1848,1,Westbound,"",1,348406,6997,
4360,1816,3,Westbound/Clockwise,"",0,348452,20686,
4361,1816,3,Eastbound/Counter-Clockwise,"",0,348452,20687,
4362,1816,3,Westbound/Clockwise,"",0,348452,20686,
4363,1816,3,Eastbound/Counter-Clockwise,"",0,348452,20687,
4364,5861,3,Sapphire to DT Bloom,"",1,348453,20052,
4365,5861,3,Sapphire to UT Normal,"",0,348453,20369,
4366,5861,3,Sapphire to DT Bloom,"",1,348453,20052,
4367,5861,3,Sapphire to UT Normal,"",0,348453,20369,
4368,5861,3,Sapphire to DT Bloom,"",1,348453,20052,
4369,5861,3,Sapphire to UT Normal,"",0,348453,20369,
437,1813,1,Northbound,"",0,348406,3930,
4370,5861,3,Sapphire to DT Bloom,"",1,348453,20052,
4371,5861,3,Sapphire to UT Normal,"",0,348453,20369,
4372,5861,3,Sapphire to DT Bloom,"",1,348453,20052,
4373,5861,3,Sapphire to UT Normal,"",0,348463,20369,
4374,5861,3,Sapphire to DT Bloom,"",1,348463,20052,
4375,5861,3,Sapphire to UT Normal,"",0,348463,20369,
4376,5861,3,Sapphire to DT Bloom,"",1,348463,20052,
4377,5861,3,Sapphire to UT Normal,"",0,348463,20369,
4378,5861,3,Sapphire to DT Bloom,"",1,348463,20052,
4379,5861,3,Sapphire to UT Normal,"",0,348463,20369,
438,5861,1,Sapphire to DT Bloom,"",1,348417,20052,
4380,5861,3,Sapphire to DT Bloom,"",1,348463,20052,
4381,5861,3,Sapphire to UT Normal,"",0,348463,20369,
4382,5861,3,Sapphire to DT Bloom,"",1,348454,20052,
4383,5861,3,Sapphire to UT Normal,"",0,348454,20369,
4384,5861,3,Sapphire to DT Bloom,"",1,348454,20052,
4385,5861,3,Sapphire to UT Normal,"",0,348454,20369,
4386,5861,3,Sapphire to DT Bloom,"",1,348454,20052,
4387,5861,3,Sapphire to UT Normal,"",0,348454,20369,
4388,5861,3,Sapphire to DT Bloom,"",1,348454,20052,
4389,5861,3,Sapphire to UT Normal,"",0,348456,20369,
439,5861,1,Sapphire to UT Normal,"",0,348417,20369,
4390,5861,3,Sapphire to DT Bloom,"",1,348456,20052,
4391,5861,3,Sapphire to UT Normal,"",0,348456,20369,
4392,5861,3,Sapphire to DT Bloom,"",1,348456,20052,
4393,5861,3,Sapphire to UT Normal,"",0,348456,20369,
4394,5861,3,Sapphire to DT Bloom,"",1,348456,20052,
4395,5861,3,Sapphire to UT Normal,"",0,348456,20369,
4396,1847,3,1600's only,"",0,348469,4023,
4397,1847,3,1600's only,"",0,348469,4023,
4398,1847,3,1600's only,"",0,348469,4023,
4399,1847,3,1600's only,"",0,348469,4023,
440,5861,1,Sapphire to DT Bloom,"",1,348417,20052,
4400,1847,3,1600's only,"",0,348469,4023,
4401,1847,3,1600's only,"",0,348469,4023,
4402,1847,3,1600's only,"",0,348469,4023,
4403,1847,3,1600's only,"",0,348469,4023,
4404,1847,3,1600's only,"",0,348469,4023,
4405,1847,3,1600's only,"",0,348469,4023,
4406,1847,3,1600's only,"",0,348469,4023,
4407,1847,3,1600's only,"",0,348469,4023,
4408,1847,3,1600's only,"",0,348469,4023,
4409,1847,3,1600's only,"",0,348469,4023,
441,5861,1,Sapphire to UT Normal,"",0,348417,20369,
4410,1847,3,1600's only,"",0,348469,4023,
4411,1847,3,1600's only,"",0,348469,4023,
4412,1847,3,1600's only,"",0,348469,4023,
4413,1847,3,1600's only,"",0,348469,4023,
4414,1847,3,1600's only,"",0,348469,4023,
4415,1847,3,1600's only,"",0,348469,4023,
4416,1847,3,1600's only,"",0,348469,4023,
4417,1847,3,1600's only,"",0,348469,4023,
4418,1847,3,1600's only,"",0,348469,4023,
4419,1847,3,1600's only,"",0,348469,4023,
442,5861,1,Sapphire to DT Bloom,"",1,348417,20052,
4420,1847,3,1600's only,"",0,348469,4023,
4421,1847,3,1600's only,"",0,348469,4023,
4422,1847,3,1600's only,"",0,348469,4023,
4423,1847,3,1600's only,"",0,348469,4023,
4424,1847,3,1600's only,"",0,348469,4023,
4425,1847,3,1600's only,"",0,348469,4023,
4426,1847,3,1600's only,"",0,348469,4023,
4427,1847,3,1600's only,"",0,348469,4023,
4428,1847,3,1600's only,"",0,348469,4023,
4429,1847,3,1600's only,"",0,348469,4023,
443,5861,1,Sapphire to UT Normal,"",0,348417,20369,
4430,1847,3,1600's only,"",0,348469,4023,
4431,1847,3,1600's only,"",0,348469,4023,
4432,1814,3,Southbound,"",1,348451,5780,
4433,1814,3,Northbound,"",0,348451,7151,
4434,1814,3,Southbound,"",1,348451,5780,
4435,1814,3,Northbound,"",0,348451,7151,
4436,1814,3,Southbound,"",1,348451,5780,
4437,1814,3,Northbound,"",0,348451,7151,
4438,1814,3,Southbound,"",1,348451,5780,
4439,1814,3,Northbound,"",0,348451,7151,
444,5861,1,Sapphire to DT Bloom,"",1,348417,20052,
4440,1814,3,Southbound,"",1,348451,5780,
4441,1814,3,Northbound,"",0,348451,7151,
4442,1814,3,Southbound,"",1,348451,5780,
4443,1814,3,Northbound,"",0,348451,7151,
4444,1814,3,Southbound,"",1,348451,5780,
4445,1814,3,Northbound,"",0,348451,7151,
4446,1814,3,Southbound,"",1,348451,5780,
4447,1814,3,Northbound,"",0,348451,7151,
4448,1814,3,Southbound,"",1,348451,5780,
4449,1814,3,Northbound,"",0,348451,7151,
445,5861,1,Sapphire to UT Normal,"",0,348417,20369,
4450,1814,3,Southbound,"",1,348461,5780,
4451,1814,3,Northbound,"",0,348461,7151,
4452,1814,3,Southbound,"",1,348461,5780,
4453,1814,3,Northbound,"",0,348461,7151,
4454,1814,3,Southbound,"",1,348461,5780,
4455,1814,3,Northbound,"",0,348461,7151,
4456,1814,3,Southbound,"",1,348461,5780,
4457,1814,3,Northbound,"",0,348461,7151,
4458,1814,3,Southbound,"",1,348461,5780,
4459,1814,3,Northbound,"",0,348461,7151,
446,5861,1,Sapphire to DT Bloom,"",1,348417,20052,
4460,1814,3,Southbound,"",1,348461,5780,
4461,1814,3,Northbound,"",0,348461,7151,
4462,1814,3,Southbound,"",1,348461,5780,
4463,1814,3,Northbound,"",0,348461,7151,
4464,1814,3,Southbound,"",1,348461,5780,
4465,1814,3,Northbound,"",0,348461,7151,
4466,1814,3,Southbound,"",1,348464,5780,
4467,1814,3,Northbound,"",0,348464,7151,
4468,1814,3,Southbound,"",1,348464,5780,
4469,1814,3,Northbound,"",0,348464,7151,
447,5861,1,Sapphire to UT Normal,"",0,348417,20369,
4470,1814,3,Southbound,"",1,348464,5780,
4471,1814,3,Northbound,"",0,348464,7151,
4472,1814,3,Southbound,"",1,348464,5780,
4473,1814,3,Northbound,"",0,348464,7151,
4474,1814,3,Southbound,"",1,348464,5780,
4475,1814,3,Northbound,"",0,348464,7151,
4476,1814,3,Southbound,"",1,348464,5780,
4477,1814,3,Northbound,"",0,348464,7151,
4478,1814,3,Southbound,"",1,348464,5780,
4479,1814,3,Northbound,"",0,348464,7151,
448,1847,1,1600's only,"",0,348422,4023,
4480,1814,3,Southbound,"",1,348464,5780,
4481,1814,3,Northbound,"",0,348464,7151,
4482,1895,3,Southbound,"",0,348450,10197,
4483,1895,3,Northbound,"",1,348450,13871,
4484,1895,3,Southbound,"",0,348450,10197,
4485,1895,3,Northbound,"",1,348450,13871,
4486,1895,3,Southbound,"",0,348450,10197,
4487,1895,3,Northbound,"",1,348450,13871,
4488,1895,3,Southbound,"",0,348450,10197,
4489,1895,3,Northbound,"",1,348450,13871,
449,1847,1,1600's only,"",0,348422,4023,
4490,1895,3,Southbound,"",0,348450,10197,
4491,1895,3,Northbound,"",1,348450,13871,
4492,1895,3,Southbound,"",0,348450,10197,
4493,1895,3,Northbound,"",1,348450,13871,
4494,1895,3,Northbound,"",1,348466,13871,
4495,1895,3,Southbound,"",0,348466,10197,
4496,1895,3,Northbound,"",1,348466,13871,
4497,1895,3,Southbound,"",0,348466,10197,
4498,1895,3,Northbound,"",1,348466,13871,
4499,1895,3,Southbound,"",0,348466,10197,
450,1847,1,1600's only,"",0,348422,4023,
4500,1895,3,Northbound,"",1,348466,13871,
4501,1895,3,Southbound,"",0,348466,10197,
4502,1895,3,Northbound,"",1,348466,13871,
4503,1895,3,Southbound,"",0,348466,10197,
4504,1895,3,Northbound,"",1,348466,13871,
4505,1895,3,Northbound,"",1,348467,13871,
4506,1895,3,Southbound,"",0,348467,10197,
4507,1895,3,Northbound,"",1,348467,13871,
4508,1895,3,Southbound,"",0,348467,10197,
4509,1895,3,Northbound,"",1,348467,13871,
451,1847,1,1600's only,"",0,348422,4023,
4510,1895,3,Southbound,"",0,348467,10197,
452,1847,1,1600's only,"",0,348422,4023,
453,1847,1,1600's only,"",0,348422,4023,
454,1847,1,1600's only,"",0,348422,4023,
455,1847,1,1600's only,"",0,348422,4023,
456,1847,1,1600's only,"",0,348422,4023,
457,1847,1,1600's only,"",0,348422,4023,
458,1847,1,1600's only,"",0,348422,4023,
459,1847,1,1600's only,"",0,348422,4023,
460,1847,1,1600's only,"",0,348422,4023,
461,1847,1,1600's only,"",0,348422,4023,
462,1847,1,1600's only,"",0,348422,4023,
463,1847,1,1600's only,"",0,348422,4023,
464,1847,1,1600's only,"",0,348422,4023,
465,1847,1,1600's only,"",0,348422,4023,
466,1847,1,1600's only,"",0,348422,4023,
467,1847,1,1600's only,"",0,348422,4023,
468,1847,1,1600's only,"",0,348422,4023,
469,1847,1,1600's only,"",0,348422,4023,
470,1847,1,1600's only,"",0,348422,4023,
471,1847,1,1600's only,"",0,348422,4023,
472,1847,1,1600's only,"",0,348422,4023,
473,1847,1,1600's only,"",0,348422,4023,
474,1847,1,1600's only,"",0,348422,4023,
475,1847,1,1600's only,"",0,348422,4023,
476,1847,1,1600's only,"",0,348422,4023,
477,1847,1,1600's only,"",0,348422,4023,
478,1847,1,1600's only,"",0,348422,4023,
479,1847,1,1600's only,"",0,348422,4023,
480,1847,1,1600's only,"",0,348422,4023,
481,1847,1,1600's only,"",0,348422,4023,
482,1847,1,1600's only,"",0,348422,4023,
483,1847,1,1600's only,"",0,348422,4023,
484,1847,1,1600's only,"",0,348422,4023,
485,1847,1,1600's only,"",0,348422,4023,
486,1847,1,1600's only,"",0,348422,4023,
487,1847,1,1600's only,"",0,348422,4023,
488,1847,1,1600's only,"",0,348422,4023,
489,1847,1,1600's only,"",0,348422,4023,
5,2701,1,Eastbound,"",1,348403,6304,
529,5861,1,Sapphire to UT Normal,"",0,348419,20369,
530,5861,1,Sapphire to DT Bloom,"",1,348419,20052,
531,5861,1,Sapphire to UT Normal,"",0,348419,20369,
532,5861,1,Sapphire to DT Bloom,"",1,348419,20052,
533,5861,1,Sapphire to UT Normal,"",0,348419,20369,
534,5861,1,Sapphire to DT Bloom,"",1,348419,20052,
535,5861,1,Sapphire to UT Normal,"",0,348419,20369,
536,5861,1,Sapphire to DT Bloom,"",1,348419,20052,
537,5861,1,Sapphire to UT Normal,"",0,348419,20369,
538,5861,1,Sapphire to DT Bloom,"",1,348419,20052,
539,5861,1,Sapphire to DT Bloom,"",1,348411,20052,
540,5861,1,Sapphire to UT Normal,"",0,348411,20369,
541,5861,1,Sapphire to DT Bloom,"",1,348411,20052,
542,5861,1,Sapphire to UT Normal,"",0,348411,20369,
543,5861,1,Sapphire to UT Normal,"",0,348411,20369,
544,5861,1,Sapphire to DT Bloom,"",1,348411,20052,
545,5861,1,Sapphire to UT Normal,"",0,348411,20369,
546,5861,1,Sapphire to DT Bloom,"",1,348411,20052,
547,5861,1,Sapphire to UT Normal,"",0,348411,20369,
548,5861,1,Sapphire to UT Normal,"",0,348413,20369,
549,5861,1,Sapphire to DT Bloom,"",1,348413,20052,
550,5861,1,Sapphire to UT Normal,"",0,348413,20369,
551,5861,1,Sapphire to DT Bloom,"",1,348413,20052,
552,5861,1,Sapphire to DT Bloom,"",1,348413,20052,
553,5861,1,Sapphire to UT Normal,"",0,348413,20369,
554,5861,1,Sapphire to DT Bloom,"",1,348413,20052,
555,5861,1,Sapphire to UT Normal,"",0,348413,20369,
556,5861,1,Sapphire to DT Bloom,"",1,348413,20052,
557,1851,1,Northbound,"",0,348415,4030,
558,1851,1,Southbound,"",1,348415,14118,
559,1897,1,Outbound,"",0,348415,12678,
560,1897,1,Southbound,"",1,348415,14141,
561,1851,1,Northbound,"",0,348415,4030,
562,1851,1,Southbound,"",1,348415,14118,
563,1897,1,Outbound,"",0,348415,12678,
564,1897,1,Southbound,"",1,348415,14141,
565,1851,1,Northbound,"",0,348415,4030,
566,1851,1,Southbound,"",1,348415,14118,
567,1897,1,Outbound,"",0,348415,12678,
568,1897,1,Southbound,"",1,348415,14141,
569,1851,1,Northbound,"",0,348415,4030,
570,1851,1,Southbound,"",1,348415,14118,
571,1897,1,Outbound,"",0,348415,12678,
572,1897,1,Southbound,"",1,348415,14141,
573,1851,1,Northbound,"",0,348415,4030,
574,1851,1,Southbound,"",1,348415,14118,
575,1897,1,Outbound,"",0,348415,12678,
576,1897,1,Southbound,"",1,348415,14141,
577,1851,1,Northbound,"",0,348415,4030,
578,1851,1,Southbound,"",1,348415,14118,
579,1897,1,Outbound,"",0,348415,12678,
580,1897,1,Southbound,"",1,348415,14141,
581,1851,1,Northbound,"",0,348415,4030,
582,1851,1,Southbound,"",1,348415,14118,
583,1897,1,Outbound,"",0,348415,12678,
584,1897,1,Southbound,"",1,348415,14141,
585,1851,1,Northbound,"",0,348415,4030,
586,1851,1,Southbound,"",1,348415,14118,
587,1897,1,Outbound,"",0,348415,12678,
588,1897,1,Southbound,"",1,348415,14141,
589,1851,1,Northbound,"",0,348415,4030,
590,1851,1,Southbound,"",1,348415,14118,
591,1897,1,Outbound,"",0,348415,12678,
592,1897,1,Southbound,"",1,348415,14141,
593,1851,1,Northbound,"",0,348415,4030,
594,1851,1,Southbound,"",1,348415,14118,
595,1897,1,Outbound,"",0,348415,12678,
596,1897,1,Southbound,"",1,348415,14141,
597,1851,1,Northbound,"",0,348415,4030,
598,1851,1,Southbound,"",1,348415,14118,
599,1897,1,Outbound,"",0,348415,12678,
6,2701,1,Westbound,"",0,348403,11407,
600,1897,1,Southbound,"",1,348415,14141,
601,1851,1,Northbound,"",0,348415,4030,
602,1851,1,Southbound,"",1,348415,14118,
603,1897,1,Outbound,"",0,348415,12678,
604,1897,1,Southbound,"",1,348415,14141,
605,1851,1,Northbound,"",0,348415,4030,
606,1851,1,Southbound,"",1,348415,14118,
607,1897,1,Outbound,"",0,348415,12678,
608,1897,1,Southbound,"",1,348415,14141,
609,1851,1,Northbound,"",0,348415,4030,
610,1851,1,Southbound,"",1,348415,14118,
611,1897,1,Outbound,"",0,348415,12678,
612,1897,1,Southbound,"",1,348415,14141,
613,1851,1,Northbound,"",0,348415,4030,
614,1851,1,Southbound,"",1,348415,14118,
615,1897,1,Outbound,"",0,348415,12678,
616,1897,1,Southbound,"",1,348415,14141,
617,1851,1,Northbound,"",0,348418,4030,
618,1851,1,Southbound,"",1,348418,14118,
619,1897,1,Outbound,"",0,348418,12678,
620,1897,1,Southbound,"",1,348418,14141,
621,1851,1,Northbound,"",0,348418,4030,
622,1851,1,Southbound,"",1,348418,14118,
623,1897,1,Outbound,"",0,348418,12678,
624,1897,1,Southbound,"",1,348418,14141,
625,1851,1,Northbound,"",0,348418,4030,
626,1851,1,Southbound,"",1,348418,14118,
627,1897,1,Outbound,"",0,348418,12678,
628,1897,1,Southbound,"",1,348418,14141,
629,1851,1,Northbound,"",0,348418,4030,
63,1849,1,Northbound,"",1,348400,4026,
630,1851,1,Southbound,"",1,348418,14118,
631,1897,1,Outbound,"",0,348418,12678,
632,1897,1,Southbound,"",1,348418,14141,
633,1851,1,Northbound,"",0,348418,4030,
634,1851,1,Southbound,"",1,348418,14118,
635,1897,1,Outbound,"",0,348418,12678,
636,1897,1,Southbound,"",1,348418,14141,
637,1851,1,Northbound,"",0,348418,4030,
638,1851,1,Southbound,"",1,348418,14118,
639,1897,1,Outbound,"",0,348418,12678,
64,1815,1,Southbound,"",0,348400,11401,
640,1897,1,Southbound,"",1,348418,14141,
641,1851,1,Northbound,"",0,348418,4030,
642,1851,1,Southbound,"",1,348418,14118,
643,1897,1,Outbound,"",0,348418,12678,
644,1897,1,Southbound,"",1,348418,14141,
645,1851,1,Northbound,"",0,348418,4030,
646,1851,1,Southbound,"",1,348418,14118,
647,1897,1,Outbound,"",0,348418,12678,
648,1897,1,Southbound,"",1,348418,14141,
649,1851,1,Northbound,"",0,348418,4030,
65,1815,1,Northbound,"",1,348400,6552,
650,1851,1,Southbound,"",1,348418,14118,
651,1897,1,Outbound,"",0,348418,12678,
652,1897,1,Southbound,"",1,348418,14141,
653,1851,1,Northbound,"",0,348418,4030,
654,1851,1,Southbound,"",1,348418,14118,
655,1897,1,Outbound,"",0,348418,12678,
656,1897,1,Southbound,"",1,348418,14141,
657,1851,1,Northbound,"",0,348418,4030,
658,1851,1,Southbound,"",1,348418,14118,
659,1897,1,Outbound,"",0,348418,12678,
66,1849,1,Southbound,"",0,348400,4027,
660,1897,1,Southbound,"",1,348418,14141,
661,1851,1,Northbound,"",0,348418,4030,
662,1851,1,Southbound,"",1,348418,14118,
663,1897,1,Outbound,"",0,348418,12678,
664,1897,1,Southbound,"",1,348418,14141,
665,1851,1,Northbound,"",0,348418,4030,
666,1851,1,Southbound,"",1,348418,14118,
667,1897,1,Outbound,"",0,348418,12678,
668,1897,1,Southbound,"",1,348418,14141,
669,1851,1,Northbound,"",0,348418,4030,
67,1849,1,Northbound,"",1,348400,4026,
670,1851,1,Southbound,"",1,348418,14118,
671,1897,1,Outbound,"",0,348418,12678,
672,1897,1,Southbound,"",1,348418,14141,
673,1851,1,Northbound,"",0,348418,4030,
674,1851,1,Southbound,"",1,348418,14118,
675,1851,1,Northbound,"",0,348418,4030,
676,1851,1,Southbound,"",1,348418,14118,
677,1816,1,Westbound/Clockwise,"",0,348420,20686,
678,1816,1,Eastbound/Counter-Clockwise,"",0,348420,20687,
679,1816,1,Westbound/Clockwise,"",0,348420,20686,
68,1815,1,Southbound,"",0,348400,11401,
680,1816,1,Eastbound/Counter-Clockwise,"",0,348420,20687,
681,1816,1,Westbound/Clockwise,"",0,348420,20686,
682,1816,1,Eastbound/Counter-Clockwise,"",0,348420,20687,
683,1816,1,Westbound/Clockwise,"",0,348420,20686,
684,1816,1,Eastbound/Counter-Clockwise,"",0,348420,20687,
685,1816,1,Westbound/Clockwise,"",0,348420,20686,
686,1816,1,Eastbound/Counter-Clockwise,"",0,348420,20687,
687,1816,1,Westbound/Clockwise,"",0,348420,20686,
688,1816,1,Eastbound/Counter-Clockwise,"",0,348420,20687,
689,1816,1,Westbound/Clockwise,"",0,348420,20686,
69,1815,1,Northbound,"",1,348400,6552,
690,1816,1,Eastbound/Counter-Clockwise,"",0,348420,20687,
691,1816,1,Westbound/Clockwise,"",0,348420,20686,
692,1816,1,Eastbound/Counter-Clockwise,"",0,348420,20687,
693,1816,1,Westbound/Clockwise,"",0,348420,20686,
694,1816,1,Eastbound/Counter-Clockwise,"",0,348420,20687,
695,1816,1,Westbound/Clockwise,"",0,348420,20686,
696,1816,1,Eastbound/Counter-Clockwise,"",0,348420,20687,
697,1816,1,Westbound/Clockwise,"",0,348420,20686,
698,1816,1,Eastbound/Counter-Clockwise,"",0,348420,20687,
699,1816,1,Westbound/Clockwise,"",0,348420,20686,
7,2701,1,Eastbound,"",1,348403,6304,
70,1849,1,Southbound,"",0,348400,4027,
700,1816,1,Eastbound/Counter-Clockwise,"",0,348420,20687,
701,1816,1,Westbound/Clockwise,"",0,348420,20686,
702,1816,1,Eastbound/Counter-Clockwise,"",0,348420,20687,
703,1816,1,Westbound/Clockwise,"",0,348420,20686,
704,1816,1,Eastbound/Counter-Clockwise,"",0,348420,20687,
705,1816,1,Westbound/Clockwise,"",0,348420,20686,
706,1816,1,Eastbound/Counter-Clockwise,"",0,348420,20687,
707,1814,1,Southbound,"",1,348401,5780,
708,1814,1,Northbound,"",0,348401,7151,
709,1814,1,Southbound,"",1,348401,5780,
71,1849,1,Northbound,"",1,348400,4026,
710,1814,1,Northbound,"",0,348401,7151,
711,1814,1,Southbound,"",1,348401,5780,
712,1814,1,Northbound,"",0,348401,7151,
713,1814,1,Southbound,"",1,348401,5780,
714,1814,1,Northbound,"",0,348401,7151,
715,1814,1,Southbound,"",1,348401,5780,
716,1814,1,Northbound,"",0,348401,7151,
717,1814,1,Southbound,"",1,348401,5780,
718,1814,1,Northbound,"",0,348401,7151,
719,1814,1,Southbound,"",1,348401,5780,
72,1815,1,Southbound,"",0,348400,11401,
720,1814,1,Northbound,"",0,348401,7151,
721,1814,1,Southbound,"",1,348401,5780,
722,1814,1,Northbound,"",0,348401,7151,
723,1814,1,Southbound,"",1,348401,5780,
724,1814,1,Northbound,"",0,348401,7151,
725,1814,1,Southbound,"",1,348401,5780,
726,1814,1,Northbound,"",0,348401,7151,
727,1814,1,Southbound,"",1,348401,5780,
728,1814,1,Northbound,"",0,348401,7151,
729,1814,1,Southbound,"",1,348410,5780,
73,1815,1,Northbound,"",1,348400,6552,
730,1814,1,Northbound,"",0,348410,7151,
731,1814,1,Southbound,"",1,348410,5780,
732,1814,1,Northbound,"",0,348410,7151,
733,1814,1,Southbound,"",1,348410,5780,
734,1814,1,Northbound,"",0,348410,7151,
735,1814,1,Southbound,"",1,348410,5780,
736,1814,1,Northbound,"",0,348410,7151,
737,1814,1,Southbound,"",1,348410,5780,
738,1814,1,Northbound,"",0,348410,7151,
739,1814,1,Southbound,"",1,348410,5780,
74,1849,1,Southbound,"",0,348400,4027,
740,1814,1,Northbound,"",0,348410,7151,
741,1814,1,Southbound,"",1,348410,5780,
742,1814,1,Northbound,"",0,348410,7151,
743,1814,1,Southbound,"",1,348410,5780,
744,1814,1,Northbound,"",0,348410,7151,
745,1814,1,Southbound,"",1,348410,5780,
746,1814,1,Northbound,"",0,348410,7151,
747,1814,1,Southbound,"",1,348410,5780,
748,1814,1,Northbound,"",0,348410,7151,
749,1814,1,Southbound,"",1,348410,5780,
75,1849,1,Northbound,"",1,348400,4026,
750,1814,1,Northbound,"",0,348409,7151,
751,1814,1,Southbound,"",1,348409,5780,
752,1814,1,Northbound,"",0,348409,7151,
753,1814,1,Southbound,"",1,348409,5780,
754,1814,1,Northbound,"",0,348409,7151,
755,1814,1,Southbound,"",1,348409,5780,
756,1814,1,Northbound,"",0,348409,7151,
757,1814,1,Southbound,"",1,348409,5780,
758,1814,1,Northbound,"",0,348409,7151,
759,1814,1,Southbound,"",1,348409,5780,
76,1815,1,Southbound,"",0,348400,11401,
760,1814,1,Northbound,"",0,348409,7151,
761,1814,1,Southbound,"",1,348409,5780,
762,1814,1,Northbound,"",0,348409,7151,
763,1814,1,Southbound,"",1,348409,5780,
764,1814,1,Northbound,"",0,348409,7151,
765,1814,1,Southbound,"",1,348409,5780,
766,1814,1,Northbound,"",0,348409,7151,
767,1814,1,Southbound,"",1,348409,5780,
768,1814,1,Northbound,"",0,348409,7151,
769,1814,1,Southbound,"",1,348409,5780,
77,1815,1,Northbound,"",1,348400,6552,
770,1814,1,Northbound,"",0,348409,7151,
78,1849,1,Southbound,"",0,348400,4027,
79,1849,1,Northbound,"",1,348400,4026,
8,2701,1,Westbound,"",0,348403,11407,
80,1815,1,Southbound,"",0,348400,11401,
81,1815,1,Northbound,"",1,348400,6552,
82,1849,1,Southbound,"",0,348400,4027,
83,1849,1,Northbound,"",1,348400,4026,
84,1815,1,Southbound,"",0,348400,11401,
85,1815,1,Northbound,"",1,348400,6552,
86,1849,1,Southbound,"",0,348400,4027,
87,1849,1,Northbound,"",1,348400,4026,
88,1815,1,Southbound,"",0,348400,11401,
89,1815,1,Northbound,"",1,348400,6552,
9,2701,1,Eastbound,"",1,348403,6304,
90,1849,1,Southbound,"",0,348400,4027,
91,1849,1,Northbound,"",1,348400,4026,
92,1815,1,Southbound,"",0,348400,11401,
93,1815,1,Northbound,"",1,348400,6552,
94,1849,1,Southbound,"",0,348400,4027,
95,1849,1,Northbound,"",1,348400,4026,
96,1815,1,Southbound,"",0,348400,11401,
97,1815,1,Northbound,"",1,348400,6552,
98,1849,1,Southbound,"",0,348400,4027,
99,1849,1,Northbound,"",1,348400,4026,
Isu-3805,1847,2,Loop,"",0,348448,21469,
Isu-3806,1847,2,Loop,"",0,348448,21469,
Isu-3807,1847,2,Loop,"",0,348448,21469,
Isu-3808,1847,2,Loop,"",0,348448,21469,
Isu-3809,1847,2,Loop,"",0,348448,21469,
Isu-3810,1847,2,Loop,"",0,348448,21469,
Isu-3811,1847,2,Loop,"",0,348448,21469,
Isu-3812,1847,2,Loop,"",0,348448,21469,
Isu-3813,1847,2,Loop,"",0,348448,21469,
Isu-3814,1847,2,Loop,"",0,348448,21469,
Isu-3815,1847,2,Loop,"",0,348448,21469,
Isu-3816,1847,2,Loop,"",0,348448,21469,
Isu-3817,1847,2,Loop,"",0,348448,21469,
Isu-3818,1847,2,Loop,"",0,348448,21469,
Isu-3819,1847,2,Loop,"",0,348448,21469,
Isu-3820,1847,2,Loop,"",0,348448,21469,
Isu-3821,1847,2,Loop,"",0,348448,21469,
Isu-3822,1847,2,Loop,"",0,348448,21469,
Isu-3823,1847,2,Loop,"",0,348448,21469,
Isu-3824,1847,2,Loop,"",0,348448,21469,
Isu-3825,1847,2,Loop,"",0,348448,21469,
Isu-3826,1847,2,Loop,"",0,348448,21469,
Isu-3827,1847,2,Loop,"",0,348448,21469,
Isu-3828,1847,2,Loop,"",0,348448,21469,
Isu-3829,1847,2,Loop,"",0,348448,21469,
Isu-3830,1847,2,Loop,"",0,348448,21469,
Isu-3831,1847,2,Loop,"",0,348448,21469,
Isu-3832,1847,2,Loop,"",0,348448,21469,
Isu-3833,1847,2,Loop,"",0,348448,21469,
Isu-3834,1847,2,Loop,"",0,348448,21469,
Isu-3835,1847,2,Loop,"",0,348448,21469,
Isu-3836,1847,2,Loop,"",0,348448,21469,
Isu-3837,1847,2,Loop,"",0,348448,21469,
Isu-3838,1847,2,Loop,"",0,348448,21469,
Isu-3839,1847,2,Loop,"",0,348448,21469,
Isu-3840,1847,2,Loop,"",0,348448,21469,
Isu-3841,1847,2,Loop,"",0,348448,21469,
Isu-3842,1847,2,Loop,"",0,348448,21469,
Isu-3843,1847,2,Loop,"",0,348448,21469,
Isu-3844,1847,2,Loop,"",0,348448,21469,
Isu-3845,1847,2,Loop,"",0,348448,21469,
Isu-3846,1847,2,Loop,"",0,348448,21469,
Isu-3847,1847,2,Loop,"",0,348448,21469,
Isu-3848,1847,2,Loop,"",0,348448,21469,
Isu-3849,1847,2,Loop,"",0,348448,21469,
Isu-3850,1847,2,Loop,"",0,348448,21469,
Isu-3851,1847,2,Loop,"",0,348448,21469,
Isu-3852,1847,2,Loop,"",0,348448,21469,
Isu-3853,1847,2,Loop,"",0,348448,21469,
Isu-3854,1847,2,Loop,"",0,348448,21469,
Isu-3855,1847,2,Loop,"",0,348448,21469,
Isu-3856,1847,2,Loop,"",0,348448,21469,
Isu-3857,1847,2,Loop,"",0,348448,21469,
Isu-3858,1847,2,Loop,"",0,348448,21469,
Isu-3859,1847,2,Loop,"",0,348448,21469,
Isu-3860,1847,2,Loop,"",0,348448,21469,
Isu-3861,1847,2,Loop,"",0,348448,21469,
Isu-3862,1847,2,Loop,"",0,348448,21469,
Isu-3863,1847,2,Loop,"",0,348448,21469,
Isu-3864,1847,2,Loop,"",0,348448,21469,
Isu-3865,1847,2,Loop,"",0,348448,21469,
Isu-3866,1847,2,Loop,"",0,348448,21469,
Isu-3867,1847,2,Loop,"",0,348448,21469,
Isu-3868,1847,2,Loop,"",0,348448,21469,
Isu-3869,1847,2,Loop,"",0,348448,21469,
Isu-3870,1847,2,Loop,"",0,348448,21469,
Isu-3871,1847,2,Loop,"",0,348448,21469,
Isu-3872,1847,2,Loop,"",0,348448,21469,
Isu-3873,1847,2,Loop,"",0,348448,21469,
Isu-3874,1847,2,Loop,"",0,348448,21469,
Isu-3875,1847,2,Loop,"",0,348448,21469,
Isu-3876,1847,2,Loop,"",0,348448,21469,
Isu-3877,1847,2,Loop,"",0,348448,21469,
Isu-3878,1847,2,Loop,"",0,348448,21469,
Isu-3879,1847,2,Loop,"",0,348448,21469,
Isu-3880,1847,2,Loop,"",0,348448,21469,
Isu-3881,1847,2,Loop,"",0,348448,21469,
Isu-3882,1847,2,Loop,"",0,348448,21469,
Isu-3883,1847,2,Loop,"",0,348448,21469,
Isu-3884,1847,2,Loop,"",0,348448,21469,
Isu-3885,1847,2,Loop,"",0,348448,21469,
Isu-3886,1847,2,Loop,"",0,348448,21469,
Isu-3887,1847,2,Loop,"",0,348448,21469,
Isu-3888,1847,2,Loop,"",0,348448,21469,
Isu-3889,1847,2,Loop,"",0,348448,21469,
Isu-3890,1847,2,Loop,"",0,348449,21469,
Isu-3891,1847,2,Loop,"",0,348449,21469,
Isu-3892,1847,2,Loop,"",0,348449,21469,
Isu-3893,1847,2,Loop,"",0,348449,21469,
Isu-3894,1847,2,Loop,"",0,348449,21469,
Isu-3895,1847,2,Loop,"",0,348449,21469,
Isu-3896,1847,2,Loop,"",0,348449,21469,
Isu-3897,1847,2,Loop,"",0,348449,21469,
Isu-3898,1847,2,Loop,"",0,348449,21469,
Isu-3899,1847,2,Loop,"",0,348449,21469,
Isu-3900,1847,2,Loop,"",0,348449,21469,
Isu-3901,1847,2,Loop,"",0,348449,21469,
Isu-3902,1847,2,Loop,"",0,348449,21469,
Isu-3903,1847,2,Loop,"",0,348449,21469,
Isu-3904,1847,2,Loop,"",0,348449,21469,
Isu-3905,1847,2,Loop,"",0,348449,21469,
Isu-3906,1847,2,Loop,"",0,348449,21469,
Isu-3907,1847,2,Loop,"",0,348449,21469,
Isu-3908,1847,2,Loop,"",0,348449,21469,
Isu-3909,1847,2,Loop,"",0,348449,21469,
Isu-3910,1847,2,Loop,"",0,348449,21469,
Isu-3911,1847,2,Loop,"",0,348449,21469,
Isu-3912,1847,2,Loop,"",0,348449,21469,
Isu-3913,1847,2,Loop,"",0,348449,21469,
Isu-3914,1847,2,Loop,"",0,348449,21469,
Isu-3915,1847,2,Loop,"",0,348449,21469,
Isu-3916,1847,2,Loop,"",0,348449,21469,
Isu-3917,1847,2,Loop,"",0,348449,21469,
Isu-3918,1847,2,Loop,"",0,348449,21469,
Isu-3919,1847,2,Loop,"",0,348449,21469,
Isu-3920,1847,2,Loop,"",0,348449,21469,
Isu-3921,1847,2,Loop,"",0,348449,21469,
Isu-3922,1847,2,Loop,"",0,348449,21469,
Isu-3923,1847,2,Loop,"",0,348449,21469,
Isu-3924,1847,2,Loop,"",0,348449,21469,
Isu-3925,1847,2,Loop,"",0,348449,21469,
Isu-3926,1847,2,Loop,"",0,348449,21469,
Isu-3927,1847,2,Loop,"",0,348449,21469,
Isu-3928,1847,2,Loop,"",0,348449,21469,
Isu-3929,1847,2,Loop,"",0,348449,21469,
Isu-3930,1847,2,Loop,"",0,348449,21469,
Isu-3931,1847,2,Loop,"",0,348449,21469,
Isu-3932,1847,2,Loop,"",0,348449,21469,
Isu-3933,1847,2,Loop,"",0,348449,21469,
Isu-3934,1847,2,Loop,"",0,348449,21469,
Isu-3935,1847,2,Loop,"",0,348449,21469,
Isu-3936,1847,2,Loop,"",0,348449,21469,
Isu-3937,1847,2,Loop,"",0,348449,21469,
Isu-3938,1847,2,Loop,"",0,348449,21469,
Isu-3939,1847,2,Loop,"",0,348449,21469,
Isu-3940,1847,2,Loop,"",0,348449,21469,
Isu-3941,1847,2,Loop,"",0,348449,21469,
Isu-3942,1847,2,Loop,"",0,348449,21469,
Isu-3943,1847,2,Loop,"",0,348449,21469,
Isu-3944,1847,2,Loop,"",0,348449,21469,
Isu-3945,1847,2,Loop,"",0,348449,21469,
Isu-3946,1847,2,Loop,"",0,348449,21469,
Isu-3947,1847,2,Loop,"",0,348449,21469,
Isu-3948,1847,2,Loop,"",0,348449,21469,
Isu-3949,1847,2,Loop,"",0,348449,21469,
Isu-3950,1847,2,Loop,"",0,348449,21469,
Isu-3951,1847,2,Loop,"",0,348449,21469,
Isu-3952,1847,2,Loop,"",0,348449,21469,
Isu-3953,1847,2,Loop,"",0,348449,21469,
Isu-3954,1847,2,Loop,"",0,348449,21469,
Isu-3955,1847,2,Loop,"",0,348449,21469,
Isu-3956,1847,2,Loop,"",0,348449,21469,
Isu-3957,1847,2,Loop,"",0,348449,21469,
Isu-3958,1847,2,Loop,"",0,348449,21469,
Isu-3959,1847,2,Loop,"",0,348449,21469,
Isu-3960,1847,2,Loop,"",0,348449,21469,
Isu-3961,1847,2,Loop,"",0,348449,21469,
Isu-3962,1847,2,Loop,"",0,348449,21469,
Isu-3963,1847,2,Loop,"",0,348449,21469,
Isu-3964,1847,2,Loop,"",0,348449,21469,
Isu-3965,1847,2,Loop,"",0,348449,21469,
Isu-3966,1847,2,Loop,"",0,348449,21469,
Isu-3967,1847,2,Loop,"",0,348449,21469,
Isu-3968,1847,2,Loop,"",0,348449,21469,
Isu-3969,1847,2,Loop,"",0,348449,21469,
Isu-3970,1847,2,Loop,"",0,348449,21469,
Isu-3971,1847,2,Loop,"",0,348449,21469,
Isu-3972,1847,2,Loop,"",0,348449,21469,
Isu-3973,1847,2,Loop,"",0,348449,21469,
Isu-771,1847,1,Loop,"",0,348425,21469,
Isu-772,1847,1,Loop,"",0,348425,21469,
Isu-773,1847,1,Loop,"",0,348425,21469,
Isu-774,1847,1,Loop,"",0,348425,21469,
Isu-775,1847,1,Loop,"",0,348425,21469,
Isu-776,1847,1,Loop,"",0,348425,21469,
Isu-777,1847,1,Loop,"",0,348425,21469,
Isu-778,1847,1,Loop,"",0,348425,21469,
Isu-779,1847,1,Loop,"",0,348425,21469,
Isu-780,1847,1,Loop,"",0,348425,21469,
Isu-781,1847,1,Loop,"",0,348425,21469,
Isu-782,1847,1,Loop,"",0,348425,21469,
Isu-783,1847,1,Loop,"",0,348425,21469,
Isu-784,1847,1,Loop,"",0,348425,21469,
Isu-785,1847,1,Loop,"",0,348425,21469,
Isu-786,1847,1,Loop,"",0,348425,21469,
Isu-787,1847,1,Loop,"",0,348425,21469,
Isu-788,1847,1,Loop,"",0,348425,21469,
Isu-789,1847,1,Loop,"",0,348425,21469,
Isu-790,1847,1,Loop,"",0,348425,21469,
Isu-791,1847,1,Loop,"",0,348425,21469,
Isu-792,1847,1,Loop,"",0,348425,21469,
Isu-793,1847,1,Loop,"",0,348425,21469,
Isu-794,1847,1,Loop,"",0,348425,21469,
Isu-795,1847,1,Loop,"",0,348425,21469,
Isu-796,1847,1,Loop,"",0,348425,21469,
Isu-797,1847,1,Loop,"",0,348425,21469,
Isu-798,1847,1,Loop,"",0,348425,21469,
Isu-799,1847,1,Loop,"",0,348425,21469,
Isu-800,1847,1,Loop,"",0,348425,21469,
Isu-801,1847,1,Loop,"",0,348425,21469,
Isu-802,1847,1,Loop,"",0,348425,21469,
Isu-803,1847,1,Loop,"",0,348425,21469,
Isu-804,1847,1,Loop,"",0,348425,21469,
Isu-805,1847,1,Loop,"",0,348425,21469,
Isu-806,1847,1,Loop,"",0,348425,21469,
Isu-807,1847,1,Loop,"",0,348425,21469,
Isu-808,1847,1,Loop,"",0,348425,21469,
Isu-809,1847,1,Loop,"",0,348425,21469,
Isu-810,1847,1,Loop,"",0,348425,21469,
Isu-811,1847,1,Loop,"",0,348425,21469,
Isu-812,1847,1,Loop,"",0,348425,21469,
Isu-813,1847,1,Loop,"",0,348425,21469,
Isu-814,1847,1,Loop,"",0,348425,21469,
Isu-815,1847,1,Loop,"",0,348425,21469,
Isu-816,1847,1,Loop,"",0,348425,21469,
Isu-817,1847,1,Loop,"",0,348425,21469,
Isu-818,1847,1,Loop,"",0,348425,21469,
Isu-819,1847,1,Loop,"",0,348425,21469,
Isu-820,1847,1,Loop,"",0,348425,21469,
Isu-821,1847,1,Loop,"",0,348425,21469,
Isu-822,1847,1,Loop,"",0,348425,21469,
Isu-823,1847,1,Loop,"",0,348425,21469,
Isu-824,1847,1,Loop,"",0,348425,21469,
Isu-825,1847,1,Loop,"",0,348425,21469,
Isu-826,1847,1,Loop,"",0,348425,21469,
Isu-827,1847,1,Loop,"",0,348425,21469,
Isu-828,1847,1,Loop,"",0,348425,21469,
Isu-829,1847,1,Loop,"",0,348425,21469,
Isu-830,1847,1,Loop,"",0,348425,21469,
Isu-831,1847,1,Loop,"",0,348425,21469,
Isu-832,1847,1,Loop,"",0,348425,21469,
Isu-833,1847,1,Loop,"",0,348425,21469,
Isu-834,1847,1,Loop,"",0,348425,21469,
Isu-835,1847,1,Loop,"",0,348425,21469,
Isu-836,1847,1,Loop,"",0,348425,21469,
Isu-837,1847,1,Loop,"",0,348425,21469,
Isu-838,1847,1,Loop,"",0,348425,21469,
Isu-839,1847,1,Loop,"",0,348425,21469,
Isu-840,1847,1,Loop,"",0,348425,21469,
Isu-841,1847,1,Loop,"",0,348425,21469,
Isu-842,1847,1,Loop,"",0,348425,21469,
Isu-843,1847,1,Loop,"",0,348425,21469,
Isu-844,1847,1,Loop,"",0,348425,21469,
Isu-845,1847,1,Loop,"",0,348425,21469,
Isu-846,1847,1,Loop,"",0,348425,21469,
Isu-847,1847,1,Loop,"",0,348425,21469,
Isu-848,1847,1,Loop,"",0,348425,21469,
Isu-849,1847,1,Loop,"",0,348425,21469,
Isu-850,1847,1,Loop,"",0,348425,21469,
Isu-851,1847,1,Loop,"",0,348425,21469,
Isu-852,1847,1,Loop,"",0,348425,21469,
Isu-853,1847,1,Loop,"",0,348425,21469,
Isu-854,1847,1,Loop,"",0,348425,21469,
Isu-855,1847,1,Loop,"",0,348425,21469,
Isu-856,1847,1,Loop,"",0,348425,21469,
Isu-857,1847,1,Loop,"",0,348425,21469,
Isu-858,1847,1,Loop,"",0,348425,21469,
Isu-859,1847,1,Loop,"",0,348425,21469,
Isu-860,1847,1,Loop,"",0,348425,21469,
Isu-861,1847,1,Loop,"",0,348425,21469,
Isu-862,1847,1,Loop,"",0,348425,21469,
Isu-863,1847,1,Loop,"",0,348425,21469,
Isu-864,1847,1,Loop,"",0,348425,21469,
Isu-865,1847,1,Loop,"",0,348424,21469,
Isu-866,1847,1,Loop,"",0,348424,21469,
Isu-867,1847,1,Loop,"",0,348424,21469,
Isu-868,1847,1,Loop,"",0,348424,21469,
Isu-869,1847,1,Loop,"",0,348424,21469,
Isu-870,1847,1,Loop,"",0,348424,21469,
Isu-871,1847,1,Loop,"",0,348424,21469,
Isu-872,1847,1,Loop,"",0,348424,21469,
Isu-873,1847,1,Loop,"",0,348424,21469,
Isu-874,1847,1,Loop,"",0,348424,21469,
Isu-875,1847,1,Loop,"",0,348424,21469,
Isu-876,1847,1,Loop,"",0,348424,21469,
Isu-877,1847,1,Loop,"",0,348424,21469,
Isu-878,1847,1,Loop,"",0,348424,21469,
Isu-879,1847,1,Loop,"",0,348424,21469,
Isu-880,1847,1,Loop,"",0,348424,21469,
Isu-881,1847,1,Loop,"",0,348424,21469,
Isu-882,1847,1,Loop,"",0,348424,21469,
Isu-883,1847,1,Loop,"",0,348424,21469,
Isu-884,1847,1,Loop,"",0,348424,21469,
Isu-885,1847,1,Loop,"",0,348424,21469,
Isu-886,1847,1,Loop,"",0,348424,21469,
Isu-887,1847,1,Loop,"",0,348424,21469,
Isu-888,1847,1,Loop,"",0,348424,21469,
Isu-889,1847,1,Loop,"",0,348424,21469,
Isu-890,1847,1,Loop,"",0,348424,21469,
Isu-891,1847,1,Loop,"",0,348424,21469,
Isu-892,1847,1,Loop,"",0,348424,21469,
Isu-893,1847,1,Loop,"",0,348424,21469,
Isu-894,1847,1,Loop,"",0,348424,21469,
Isu-895,1847,1,Loop,"",0,348424,21469,
Isu-896,1847,1,Loop,"",0,348424,21469,
Isu-897,1847,1,Loop,"",0,348424,21469,
Isu-898,1847,1,Loop,"",0,348424,21469,
Isu-899,1847,1,Loop,"",0,348424,21469,
Isu-900,1847,1,Loop,"",0,348424,21469,
Isu-901,1847,1,Loop,"",0,348424,21469,
Isu-902,1847,1,Loop,"",0,348424,21469,
Isu-903,1847,1,Loop,"",0,348424,21469,
Isu-904,1847,1,Loop,"",0,348424,21469,
Isu-905,1847,1,Loop,"",0,348424,21469,
Isu-906,1847,1,Loop,"",0,348424,21469,
Isu-907,1847,1,Loop,"",0,348424,21469,
Isu-908,1847,1,Loop,"",0,348424,21469,
Isu-909,1847,1,Loop,"",0,348424,21469,
Isu-910,1847,1,Loop,"",0,348424,21469,
Isu-911,1847,1,Loop,"",0,348424,21469,
Isu-912,1847,1,Loop,"",0,348424,21469,
Isu-913,1847,1,Loop,"",0,348424,21469,
Isu-914,1847,1,Loop,"",0,348424,21469,
Isu-915,1847,1,Loop,"",0,348424,21469,
Isu-916,1847,1,Loop,"",0,348424,21469,
Isu-917,1847,1,Loop,"",0,348424,21469,
Isu-918,1847,1,Loop,"",0,348424,21469,
Isu-919,1847,1,Loop,"",0,348424,21469,
Isu-920,1847,1,Loop,"",0,348424,21469,
Isu-921,1847,1,Loop,"",0,348424,21469,
Isu-922,1847,1,Loop,"",0,348424,21469,
Isu-923,1847,1,Loop,"",0,348424,21469,
Isu-924,1847,1,Loop,"",0,348424,21469,
Isu-925,1847,1,Loop,"",0,348424,21469,
Isu-926,1847,1,Loop,"",0,348424,21469,
Isu-927,1847,1,Loop,"",0,348424,21469,
Isu-928,1847,1,Loop,"",0,348424,21469,
Isu-929,1847,1,Loop,"",0,348424,21469,
Isu-930,1847,1,Loop,"",0,348424,21469,
Isu-931,1847,1,Loop,"",0,348424,21469,
Isu-932,1847,1,Loop,"",0,348424,21469,
Isu-933,1847,1,Loop,"",0,348424,21469,
Isu-934,1847,1,Loop,"",0,348424,21469,
Isu-935,1847,1,Loop,"",0,348424,21469,
Isu-936,1847,1,Loop,"",0,348424,21469,
Isu-937,1847,1,Loop,"",0,348424,21469,
Isu-938,1847,1,Loop,"",0,348424,21469,
Isu-939,1847,1,Loop,"",0,348424,21469,
Isu-940,1847,1,Loop,"",0,348424,21469,
Isu-941,1847,1,Loop,"",0,348424,21469,
Isu-942,1847,1,Loop,"",0,348424,21469,
Isu-943,1847,1,Loop,"",0,348424,21469,
Isu-944,1847,1,Loop,"",0,348424,21469,
Isu-945,1847,1,Loop,"",0,348424,21469,
Isu-946,1847,1,Loop,"",0,348424,21469,
Isu-947,1847,1,Loop,"",0,348424,21469,
Isu-948,1847,1,Loop,"",0,348424,21469,
Isu-949,1847,1,Loop,"",0,348424,21469,
Isu-950,1847,1,Loop,"",0,348424,21469,
Isu-951,1847,1,Loop,"",0,348424,21469,
Isu-952,1847,1,Loop,"",0,348424,21469,
Isu-953,1847,1,Loop,"",0,348424,21469,
Isu-954,1847,1,Loop,"",0,348424,21469,
Isu-955,1847,1,Loop,"",0,348424,21469,
Isu-956,1847,1,Loop,"",0,348424,21469,
Isu-957,1847,1,Loop,"",0,348424,21469,
Isu-958,1847,1,Loop,"",0,348424,21469,
Isu-959,1847,1,Loop,"",0,348424,21469,
Isu-960,1847,1,Loop,"",0,348424,21469,
Isu-961,1847,1,Loop,"",0,348424,21469,
Isu-962,1847,1,Loop,"",0,348424,21469,
RBX-490,1847,1,1600's only,"",0,348412,4023,
RBX-491,1847,1,1600's only,"",0,348412,4023,
RBX-492,1847,1,1600's only,"",0,348412,4023,
RBX-493,1847,1,1600's only,"",0,348412,4023,
RBX-494,1847,1,1600's only,"",0,348412,4023,
RBX-495,1847,1,1600's only,"",0,348412,4023,
RBX-496,1847,1,1600's only,"",0,348412,4023,
RBX-497,1847,1,1600's only,"",0,348412,4023,
RBX-498,1847,1,1600's only,"",0,348412,4023,
RBX-499,1847,1,1600's only,"",0,348412,4023,
RBX-500,1847,1,1600's only,"",0,348412,4023,
RBX-501,1847,1,1600's only,"",0,348412,4023,
RBX-502,1847,1,1600's only,"",0,348412,4023,
RBX-503,1847,1,1600's only,"",0,348412,4023,
RBX-504,1847,1,1600's only,"",0,348412,4023,
RBX-505,1847,1,1600's only,"",0,348412,4023,
RBX-506,1847,1,1600's only,"",0,348412,4023,
RBX-507,1847,1,1600's only,"",0,348412,4023,
RBX-508,1847,1,1600's only,"",0,348412,4023,
RBX-509,1847,1,1600's only,"",0,348412,4023,
RBX-510,1847,1,1600's only,"",0,348412,4023,
RBX-511,1847,1,1600's only,"",0,348412,4023,
RBX-512,1847,1,1600's only,"",0,348412,4023,
RBX-513,1847,1,1600's only,"",0,348412,4023,
RBX-514,1847,1,1600's only,"",0,348412,4023,
RBX-515,1847,1,1600's only,"",0,348423,4023,
RBX-516,1847,1,1600's only,"",0,348423,4023,
RBX-517,1847,1,1600's only,"",0,348423,4023,
RBX-518,1847,1,1600's only,"",0,348423,4023,
RBX-519,1847,1,1600's only,"",0,348423,4023,
RBX-520,1847,1,1600's only,"",0,348423,4023,
RBX-521,1847,1,1600's only,"",0,348423,4023,
RBX-522,1847,1,1600's only,"",0,348423,4023,
RBX-523,1847,1,1600's only,"",0,348423,4023,
RBX-524,1847,1,1600's only,"",0,348423,4023,
RBX-525,1847,1,1600's only,"",0,348423,4023,
RBX-526,1847,1,1600's only,"",0,348423,4023,
RBX-527,1847,1,1600's only,"",0,348423,4023,
RBX-528,1847,1,1600's only,"",0,348423,4023,
RD-31,4502,1,Loop,"",0,348416,12558,
RD-32,4502,1,Loop,"",1,348416,13027,
RD-33,4502,1,Loop,"",0,348416,12558,
RD-34,4502,1,Loop,"",1,348416,13027,
RD-35,4502,1,Loop,"",0,348416,12558,
RD-36,4502,1,Loop,"",1,348416,13027,
RD-37,4502,1,Loop,"",0,348416,12558,
RD-38,4502,1,Loop,"",1,348416,13027,
RD-39,4502,1,Loop,"",0,348416,12558,
RD-40,4502,1,Loop,"",1,348416,13027,
RD-41,4502,1,Loop,"",0,348416,12558,
RD-42,4502,1,Loop,"",1,348416,13027,
RD-43,4502,1,Loop,"",0,348416,12558,
RD-44,4502,1,Loop,"",1,348416,13027,
RD-45,4502,1,Loop,"",0,348416,12558,
RD-46,4502,1,Loop,"",1,348416,13027,
RD-47,4502,1,Loop,"",0,348416,12558,
RD-48,4502,1,Loop,"",1,348416,13027,
RD-49,4502,1,Loop,"",0,348416,12558,
RD-50,4502,1,Loop,"",1,348416,13027,
RD-51,4502,1,Loop,"",0,348416,12558,
RD-52,4502,1,Loop,"",1,348416,13027,
RD-53,4502,1,Loop,"",0,348416,12558,
RD-54,4502,1,Loop,"",1,348416,13027,
RD-55,4502,1,Loop,"",0,348416,12558,
RD-56,4502,1,Loop,"",1,348416,13027,
RD-57,4502,1,Loop,"",0,348416,12558,
RD-58,4502,1,Loop,"",1,348416,13027,
RD-59,4502,1,Loop,"",0,348416,12558,
RD-60,4502,1,Loop,"",1,348416,13027,
RD-61,4502,1,Loop,"",0,348416,12558,
RD-62,4502,1,Loop,"",1,348416,13027,
